> outline-1
-166.311 68.3649
-166.257 68.6852
-166.204 68.9181
-165.034 68.889
-163.969 69.1219
-162.958 69.5295
-162.107 70.2283
-160.777 70.4321
-159.659 70.6941
-158.489 70.8688
-157.318 70.9852
-156.839 71.2473
-156.254 71.2473
-155.828 71.1891
-155.722 70.8979
-154.764 71.0726
-154.285 70.9561
-153.806 70.9852
-152.795 70.8979
-151.625 70.5776
-150.561 70.5194
-148.645 70.4321
-147.687 70.3447
-146.144 70.1991
-145.08 70.1118
-144.229 70.0536
-143.484 70.0536
-143.803 69.7042
-144.282 69.6751
-145.612 69.6168
-146.251 69.7042
-147.687 69.646
-148.539 69.8207
-148.752 69.5004
-149.124 69.2675
-150.188 69.0345
-151.785 68.7725
-153.221 68.8307
-153.753 68.8016
-154.339 68.8599
-155.296 68.8599
-156.68 68.7143
-157.85 68.7143
-158.808 68.8016
-159.713 68.6852
-161.203 68.4814
-162.107 68.4814
-162.533 68.3358
-163.118 68.2193
-164.342 68.1029
-164.98 68.0446
-165.619 68.1611
-165.938 68.2484
-166.417 68.3358
-166.311 68.3358
> outline-2
-164.043 67.0654
-163.238 66.9774
-162.004 67.1826
-161.307 67.2413
-159.805 67.2706
-158.463 67.2413
-157.444 67.1533
-156.693 67.124
-155.942 66.9481
-154.386 66.8895
-153.259 66.9188
-151.65 67.0067
-150.308 67.2413
-148.431 67.4171
-146.177 67.593
-144.675 67.7396
-143.709 68.0914
-142.743 68.3845
-141.831 68.6776
-140.436 68.9122
-139.739 69.088
-139.954 69.3226
-140.436 69.4984
-142.207 69.5864
-143.173 69.5278
-144.031 69.3226
-144.997 69.4398
-146.124 69.4105
-147.679 69.4105
-148.431 69.2053
-149.504 68.8828
-150.201 68.6776
-151.703 68.5018
-152.401 68.4724
-153.313 68.4138
-154.922 68.4431
-156.425 68.3845
-158.463 68.3845
-159.644 68.3552
-162.112 68.2379
-163.346 68.0034
-164.311 67.8568
-164.848 67.593
-164.204 67.3292
> outline-3
-156.744 66.6403
-157.499 66.3971
-158.002 66.1269
-157.7 65.7486
-157.247 65.5324
-156.493 65.5324
-155.788 65.5865
-154.833 65.6675
-153.877 65.8026
-152.971 65.8567
-151.915 65.8567
-151.513 65.7756
-150.808 66.0188
-150.305 66.0729
-149.5 66.1539
-148.343 66.289
-146.985 66.235
-146.13 66.208
-145.275 66.1539
-143.715 66.289
-142.709 66.3971
-141.653 66.6403
-141.099 66.7214
-140.093 67.0186
-138.936 67.451
-138.534 67.6402
-137.981 67.9644
-137.679 68.1806
-137.327 68.4508
-137.025 68.8291
-137.83 68.8562
-139.238 68.694
-140.144 68.5589
-141.099 68.3698
-141.602 68.3157
-142.458 68.0725
-143.665 67.7482
-144.671 67.5321
-145.577 67.424
-147.186 67.3159
-148.394 67.1538
-149.098 66.9376
-149.903 66.6674
-150.708 66.6133
-152.217 66.5593
-153.324 66.5052
-154.782 66.4512
-155.285 66.4782
-156.292 66.6403
-157.247 66.4512
-158.052 66.181
> outline-4
-158.161 65.4554
-158.484 65.8125
-158.887 66.2589
-158.726 66.5268
-159.048 66.7054
-160.581 66.7946
-161.629 66.75
-163.645 66.6161
-165.097 66.4375
-166.065 66.1696
-166.79 65.8571
-166.468 65.3214
-166.145 64.8304
-165.258 64.7411
-163.968 64.6964
-163 64.5179
-162.758 64.1161
-163.161 63.5804
-163.161 63.2679
-163.968 63.0446
-164.613 62.5536
-165.177 62.0179
-165.419 61.4821
-164.855 60.8125
-163.645 60.0982
-161.952 59.6964
-161.548 59.6518
-161.065 59.0268
-160.823 58.3571
-159.855 57.7768
-158.161 57.5536
-157.597 57.9107
-156.71 58.5804
-155.903 58.9821
-155.177 59.4732
-154.774 59.9196
-154.532 60.5446
-154.452 61.3482
-154.21 61.8393
-153.645 62.4196
-152.435 62.9107
-151.548 63.2679
-150.097 63.8036
-149.29 64.1161
-147.274 64.3393
-146.468 64.4286
-145.661 64.7411
-146.065 65.2321
-146.79 65.5446
-147.597 66.0804
-149.21 66.0804
-150.581 65.8125
-152.032 65.6339
-153.242 65.4554
-154.532 65.4107
-155.661 65.4107
-156.548 65.4554
> outline-5
-147.184 66.1382
-146.878 65.7869
-146.529 65.5527
-146.093 65.2307
-145.657 64.7916
-145.351 64.4988
-145.133 64.2061
-144.915 63.8255
-144.348 63.5621
-143.519 63.3571
-142.69 63.1522
-141.774 63.0351
-141.076 62.8595
-140.116 62.5667
-139.112 62.2447
-137.585 61.8349
-136.538 61.63
-136.582 61.9227
-136.887 62.4789
-137.454 62.8595
-137.76 63.1815
-138.109 63.5621
-138.458 63.9719
-138.676 64.2646
-139.069 65.0258
-139.2 65.5234
-139.243 66.1089
-139.287 66.4309
-139.2 66.87
-139.156 67.1335
-139.592 67.0457
-139.985 66.9578
-140.727 66.7529
-141.686 66.5773
-142.603 66.3724
-143.17 66.3138
-144.566 66.1089
-145.569 66.1089
-146.224 66.0796
-146.878 66.0796
-147.184 66.1089
-147.184 66.1089
> outline-6
-152.823 58.3268
-152.214 58.5826
-151.604 58.8668
-150.691 59.3784
-150.125 59.7194
-148.95 60.1741
-148.036 60.572
-146.948 60.913
-145.686 61.1404
-144.598 61.0267
-143.771 60.8562
-142.857 60.6004
-142.03 60.3446
-141.291 60.231
-139.941 60.1741
-139.158 60.1173
-137.853 60.231
-136.852 60.5152
-136.721 60.8562
-137.156 61.1688
-137.896 61.453
-138.766 61.7088
-139.55 61.993
-140.594 62.3056
-142.291 62.7035
-143.292 62.8172
-144.293 63.0729
-145.033 63.2719
-147.122 63.4424
-148.776 63.3003
-149.646 63.0445
-150.821 62.8172
-151.517 62.6466
-152.605 62.3056
-153.345 62.1067
-153.65 61.7372
-153.737 61.2257
-153.693 60.8278
-153.824 60.2594
