65	-169	30	3.5
65.25	-168	35.91690265	5.014452663
65.5	-168	35.20765679	1.758530154
65.75	-168	32.71027426	2.197216428
66	-168	41.32541355	3.772556942
65.5	-167.5	28.66669867	1.713590798
65.75	-167.5	32.74249739	3.20557078
60	-167	38.28961288	4.549074818
60.25	-167	37.4714677	4.389057968
65	-167	28	1.565247584
65.25	-167	26.25	1.75
65.5	-167	29.74409912	1.802805036
65.75	-167	31.05347752	2.77520074
60	-166.5	38.65061474	5.016554877
60.25	-166.5	33.40810977	3.410028672
60.5	-166.5	29.60718008	3.120901411
64.75	-166.5	32.69992508	4.425190209
65	-166.5	31.3549713	2.465677502
65.25	-166.5	29.77177595	3.392791604
65.5	-166.5	29.03576991	2.070807406
65.75	-166.5	33.21235316	6.203476484
60	-166	42.34212101	3.906219873
60.25	-166	29.97970159	4.831324101
60.5	-166	31.26724894	3.220194563
60.75	-166	34.91082034	2.395078374
61	-166	29.8	1.565247584
64.75	-166	31.25403516	2.64557495
65	-166	30.90616371	2.731932702
65.25	-166	30.05496485	2.18469539
65.5	-166	28.74616743	1.907716491
65.75	-166	34.72299835	3.543094016
66	-166	33.81010978	3.15602113
66.25	-166	33.29746205	7.17077546
68.5	-166	39.84245744	4.747780847
68.75	-166	41.33611098	3.393928515
60	-165.5	48.19777154	9.926155737
60.5	-165.5	29.5	2.474873734
60.75	-165.5	30	1.75
61	-165.5	29.33333333	1.428869017
61.25	-165.5	28.5	2.474873734
61.5	-165.5	28.66666667	2.020725942
61.75	-165.5	32.25694868	5.03191989
62	-165.5	36.38540639	5.965118789
64.5	-165.5	33.18948733	2.318284403
64.75	-165.5	29.03732351	3.292651792
65	-165.5	31.45907171	1.858057095
65.25	-165.5	30.4453693	2.463066167
65.5	-165.5	28.28786687	2.490423329
65.75	-165.5	32.06639178	3.253604506
66	-165.5	33.01410095	3.853238803
66.25	-165.5	32	3.5
68	-165.5	37.00454796	2.115689075
68.25	-165.5	37.24319473	4.385105319
68.5	-165.5	41.97280266	3.015006887
68.75	-165.5	42.32927262	5.386842019
60.25	-165	32	3.5
60.5	-165	30.16666667	1.428869017
60.75	-165	29.5	1.428869017
61	-165	29.11111111	1.166666667
61.25	-165	29.16666667	1.428869017
61.5	-165	29.44444444	1.166666667
61.75	-165	30.65200094	3.799719244
62	-165	31.47890519	2.169697382
62.25	-165	39.73511802	7.54585964
62.5	-165	35.67903347	7.505707191
64	-165	26.66666667	2.020725942
64.25	-165	27.6	1.565247584
64.5	-165	32.46652381	2.85451619
64.75	-165	28.47827654	2.451723945
65	-165	30.16302636	1.474737767
65.25	-165	30.51096138	2.554824959
65.5	-165	28.19718072	2.565178786
65.75	-165	29.40098989	2.217561027
66	-165	32.40631339	3.100775342
66.25	-165	32.83333333	1.428869017
66.5	-165	33.33333333	2.020725942
66.75	-165	32	2.020725942
68	-165	37.48143683	3.553235987
68.25	-165	32.86717265	2.363488059
68.5	-165	41.25121577	3.431640109
68.75	-165	47.26451156	3.526287269
69	-165	48.26295023	6.123336601
60.25	-164.5	34.29855905	4.272776403
60.5	-164.5	34.08130793	2.161904829
60.75	-164.5	27.5	1.75
61	-164.5	27.16666667	1.428869017
61.25	-164.5	33.21850562	4.165230932
61.5	-164.5	35.16290973	14.45126537
61.75	-164.5	29.86961557	3.278090799
62	-164.5	30.36766706	1.828700822
62.25	-164.5	32.5	2.474873734
62.5	-164.5	33.98613773	4.464454953
62.75	-164.5	32.75023761	3.600039575
63	-164.5	34.73366228	3.247114955
63.25	-164.5	31	2.474873734
63.5	-164.5	30	3.5
64	-164.5	26.4	1.565247584
64.25	-164.5	27.5	1.75
64.5	-164.5	31.07560291	4.038209825
64.75	-164.5	30.32118098	2.278849152
65	-164.5	28.05479472	2.002906415
65.25	-164.5	29.34938249	2.760854632
65.5	-164.5	28.09904921	2.671477048
65.75	-164.5	30.74004636	3.470012593
66	-164.5	31.69086249	3.572374998
66.25	-164.5	31.75	1.75
66.5	-164.5	33	2.474873734
66.75	-164.5	31.75	1.75
67.75	-164.5	41.24729272	13.57946233
68	-164.5	37.4428836	2.63749594
68.25	-164.5	35.18237256	4.578486892
68.5	-164.5	40.967422	3.125418258
68.75	-164.5	47.28277799	2.210035859
69	-164.5	42.46149718	4.854836107
60	-164	38.57296302	4.687450094
60.25	-164	31.5240239	3.234424989
60.5	-164	32.27823052	2.288433271
60.75	-164	27	1.428869017
61	-164	32.27867872	2.615435222
61.25	-164	31.51974451	2.32759101
61.5	-164	32.37097961	2.159650159
61.75	-164	32.66360841	3.179689315
62	-164	30.45935216	2.305380418
62.25	-164	32	1.428869017
62.5	-164	30.65596521	3.086174346
62.75	-164	30.52225728	1.957077775
63	-164	31.12278212	4.232103546
63.25	-164	28.33333333	1.428869017
63.5	-164	29.11111111	1.166666667
63.75	-164	27	1.565247584
64	-164	26.88888889	1.166666667
64.25	-164	27.5	1.428869017
64.5	-164	31.26898554	4.406500027
64.75	-164	28	1.428869017
65	-164	27.93390878	2.010760612
65.25	-164	30.28026367	5.354319629
65.5	-164	29.22440041	3.133185699
65.75	-164	29.36598753	3.254776217
66	-164	31.68768916	2.897060537
66.25	-164	34.85429869	5.050509925
66.5	-164	31.88888889	1.166666667
66.75	-164	36.16666667	1.428869017
67	-164	28	2.020725942
67.25	-164	38.75	1.75
67.75	-164	40.86750217	4.490564294
68	-164	37.82664882	3.396960185
68.25	-164	36.21852762	2.987461923
68.5	-164	42.28070575	3.149611374
68.75	-164	44.68740021	3.598783707
69	-164	39.19679479	3.095417234
60	-163.5	36.49086008	5.880261097
60.25	-163.5	31.52725922	2.918826512
60.5	-163.5	31.00377884	2.458029521
60.75	-163.5	31.98076631	4.3254917
61	-163.5	32.27821524	2.665752394
61.25	-163.5	29.98404883	1.879404404
61.5	-163.5	31.98998627	1.747860304
61.75	-163.5	32.66050891	3.609669383
62	-163.5	29.66666667	1.428869017
62.25	-163.5	30.25	1.75
62.5	-163.5	30.91489328	4.041994874
62.75	-163.5	32.89597717	2.865089691
63	-163.5	29.30280162	2.513615892
63.25	-163.5	27.25	1.75
63.5	-163.5	27.66666667	1.428869017
63.75	-163.5	27.25	1.75
64	-163.5	27.16666667	1.428869017
64.25	-163.5	28.25	1.75
64.5	-163.5	30.71727565	4.019766214
64.75	-163.5	29.27793791	2.472073354
65	-163.5	28.48124265	2.196056636
65.25	-163.5	29.58984063	2.106616129
65.5	-163.5	29.11489196	3.805449433
65.75	-163.5	29	1.75
66	-163.5	32.4568919	2.574426617
66.25	-163.5	29.75	1.75
66.5	-163.5	30.83333333	1.428869017
66.75	-163.5	32.5	1.75
67	-163.5	38	1.75
67.25	-163.5	39.02847467	4.062598671
67.5	-163.5	37.87614057	5.050207564
67.75	-163.5	41.27076191	3.486467933
68	-163.5	42.81843425	2.841302877
68.25	-163.5	36.47139329	3.55320265
68.5	-163.5	36.52877513	2.855337035
68.75	-163.5	36.69697576	5.333330744
69	-163.5	37.03974376	3.99085927
69.25	-163.5	35.51066816	17.54429556
59.5	-163	36	3.5
59.75	-163	35.13709262	3.639824415
60	-163	32	1.237436867
60.25	-163	25.23967169	5.921226561
60.5	-163	28.65813452	1.816343018
60.75	-163	32.63946878	2.345088941
61	-163	33.37630897	2.086404422
61.25	-163	30.93690774	2.390278569
61.5	-163	29.84670423	1.543307611
61.75	-163	31.11460858	3.311844298
62	-163	27.88888889	1.166666667
62.25	-163	31.07740469	2.939727537
62.5	-163	32.0208236	2.827052027
62.75	-163	30.93421803	2.120813376
63	-163	29.90894836	2.321549116
63.25	-163	27	1.428869017
63.5	-163	27	1.166666667
63.75	-163	27.16666667	1.428869017
64	-163	27.55555556	1.166666667
64.25	-163	28.33333333	1.428869017
64.5	-163	29.64628052	2.660402617
64.75	-163	29.83312153	2.181512323
65	-163	30.70297957	1.757008087
65.25	-163	28.71739626	3.012508482
65.5	-163	29.67946097	2.007902796
65.75	-163	32.03045899	3.355748202
66	-163	28.77777778	1.166666667
66.25	-163	28.33333333	1.428869017
66.5	-163	29.44444444	1.166666667
66.75	-163	33.60272712	3.2201114
67	-163	35.04107765	2.075167189
67.25	-163	39.08840499	2.910000444
67.5	-163	39.30014449	2.889977138
67.75	-163	41.20499284	3.757980984
68	-163	36.13022151	4.461588442
68.25	-163	38.80656481	4.314645397
68.5	-163	37.57690738	2.736669921
68.75	-163	41.24329197	3.458996302
69	-163	37.47523896	4.49991588
69.25	-163	35.83250109	2.852213337
59.5	-162.5	38.6	1.565247584
59.75	-162.5	39	1.75
60	-162.5	29.66666667	1.428869017
60.25	-162.5	30.34280846	3.461651163
60.5	-162.5	31.21562352	2.354159207
60.75	-162.5	31.0746138	2.605984068
61	-162.5	34.38223704	2.606941413
61.25	-162.5	33.16361041	2.675214034
61.5	-162.5	29.74263565	1.820415213
61.75	-162.5	30.25433573	3.915218398
62	-162.5	31.33511067	5.01834059
62.25	-162.5	32.02715844	3.663538348
62.5	-162.5	32.8666425	2.426923117
62.75	-162.5	31.01311324	2.977941636
63	-162.5	28.16666667	1.428869017
63.25	-162.5	27.25	1.75
63.5	-162.5	26.66666667	1.428869017
63.75	-162.5	26.75	1.75
64	-162.5	27.33333333	1.428869017
64.25	-162.5	28	1.75
64.5	-162.5	30.24799289	2.569816554
64.75	-162.5	30.8749306	2.10158285
65	-162.5	31.2096117	2.392822758
65.25	-162.5	30.62147227	3.374583285
65.5	-162.5	29.32769431	2.11492184
65.75	-162.5	28	1.75
66	-162.5	31.79459509	4.174089472
66.25	-162.5	27.25	1.75
66.5	-162.5	32.13511563	2.045195399
66.75	-162.5	32.27630411	2.425169707
67	-162.5	33.22289882	2.744127324
67.25	-162.5	37.75083871	3.10800017
67.5	-162.5	43.08633308	2.233031501
67.75	-162.5	48.56056637	3.287868652
68	-162.5	35.02508113	3.536055483
68.25	-162.5	41.31395786	3.748837971
68.5	-162.5	36.87929406	2.542608241
68.75	-162.5	36.90469844	2.72701626
69	-162.5	36.25083076	5.568351209
69.25	-162.5	34.35922929	3.330281965
69.5	-162.5	31.66656313	3.993830391
59	-162	36.22556214	5.975304931
59.25	-162	38.22103832	6.194739566
59.5	-162	39	1.166666667
59.75	-162	40.53510077	3.432506819
60	-162	33.23631324	2.234783239
60.25	-162	32.69961311	3.634668125
60.5	-162	32.07002951	2.026224113
60.75	-162	32.77691238	2.618111032
61	-162	34.09930911	2.290254665
61.25	-162	33.14025692	2.721716483
61.5	-162	32.45902775	1.491248144
61.75	-162	31.87673296	3.316951233
62	-162	32.31665572	3.056618401
62.25	-162	30.76108667	3.33134372
62.5	-162	32.70596692	1.722033245
62.75	-162	29	1.428869017
63	-162	30.44444444	1.166666667
63.25	-162	29.33333333	1.428869017
63.5	-162	27.11111111	1.166666667
63.75	-162	27	1.428869017
64	-162	28.22222222	1.166666667
64.25	-162	29.33333333	1.428869017
64.5	-162	30.15178612	2.12616322
64.75	-162	30.00088975	2.191944937
65	-162	32.04773963	5.31042058
65.25	-162	30.04042232	3.644608063
65.5	-162	29.40500684	1.558943979
65.75	-162	27.66666667	1.428869017
66	-162	27.44444444	1.166666667
66.25	-162	26.69621574	4.651467957
66.5	-162	29.10861273	3.63146656
66.75	-162	30.93469204	2.513836586
67	-162	31.25818063	2.571287977
67.25	-162	27.61113894	3.948484015
67.5	-162	43.74600728	2.126238972
67.75	-162	37.95586201	2.609122013
68	-162	34.47307792	2.366618316
68.25	-162	44.12405158	3.412637422
68.5	-162	36.59404522	2.790960919
68.75	-162	36.01483745	2.804185149
69	-162	36.89545253	8.886091099
69.25	-162	28.90682118	3.396259304
69.5	-162	31.63245809	2.758034449
70	-162	40.36764599	6.034515006
70.25	-162	38.09105148	11.39250163
59	-161.5	35.73495371	2.060628448
59.25	-161.5	38.25600507	3.114907269
59.5	-161.5	35.36831692	2.588323986
59.75	-161.5	37.20815302	3.775166193
60	-161.5	33.24431191	1.854903318
60.25	-161.5	35.40062513	3.107804994
60.5	-161.5	33.11536383	2.122526283
60.75	-161.5	32.79399688	2.794427937
61	-161.5	33.25400689	3.186901872
61.25	-161.5	31.75	1.75
61.5	-161.5	32.2604246	2.676336578
61.75	-161.5	32.36240477	3.073153499
62	-161.5	32.84867412	3.375234892
62.25	-161.5	31.93758166	2.680850782
62.5	-161.5	32.59387152	2.263999703
62.75	-161.5	31.5	1.75
63	-161.5	34.53768407	3.742407684
63.25	-161.5	30.46918138	2.835653066
63.5	-161.5	33.59976197	3.426538628
63.75	-161.5	28.75	1.75
64	-161.5	29.16666667	1.428869017
64.25	-161.5	30	1.75
64.5	-161.5	30.66666667	1.428869017
64.75	-161.5	30	1.75
65	-161.5	29.83333333	1.428869017
65.25	-161.5	30.20708249	2.847767643
65.5	-161.5	30.2275203	2.252576581
65.75	-161.5	29.65868154	4.999894395
66	-161.5	28.5	1.428869017
66.25	-161.5	31.30223469	3.344332299
66.5	-161.5	31.70292818	1.974709489
66.75	-161.5	34.91643514	2.787938497
67	-161.5	33.58977032	2.192964222
67.25	-161.5	32.30845219	3.928042451
67.5	-161.5	38.18766148	2.378448849
67.75	-161.5	37.17267085	2.552560726
68	-161.5	37.96860389	1.899297923
68.25	-161.5	41.03153957	2.643051828
68.5	-161.5	39.79461533	2.724159697
68.75	-161.5	28.80015761	4.36730162
69	-161.5	35.66290615	7.557377079
69.25	-161.5	34.32491742	3.111761209
69.5	-161.5	28.57386644	2.854260793
70	-161.5	35.30331945	3.403033006
70.25	-161.5	26.54442915	4.286229414
70.5	-161.5	26.80917003	4.021499416
59	-161	36.37668939	2.022495215
59.25	-161	31.38952834	2.649832038
59.5	-161	34.12590403	3.554981202
59.75	-161	35.32217465	5.961577127
60	-161	32.15537177	2.220891303
60.25	-161	34.32567763	2.217637086
60.5	-161	32.84459603	2.015941762
60.75	-161	34.19066321	2.402202315
61	-161	34.64210649	2.266432316
61.25	-161	34.99257807	2.795362817
61.5	-161	34.22085977	1.702527441
61.75	-161	31.68259306	2.062371541
62	-161	34.06216751	2.781057863
62.25	-161	34.55632607	2.376525651
62.5	-161	33.11111111	1.166666667
62.75	-161	32.66666667	1.428869017
63	-161	35.02634219	2.053597254
63.25	-161	30.27028984	1.99079357
63.5	-161	29.9537067	2.329087798
63.75	-161	30.70150647	4.319010823
64	-161	32.17028267	1.927881832
64.25	-161	33.73494467	2.885730092
64.5	-161	33.71288832	1.907652207
64.75	-161	31.33333333	1.428869017
65	-161	32.39922692	1.719292771
65.25	-161	32.59162633	3.928070102
65.5	-161	30.67985814	1.82810488
65.75	-161	30.42251393	2.493526798
66	-161	29.66666667	1.166666667
66.25	-161	31.50777381	2.704650475
66.5	-161	33.15567562	1.565472554
66.75	-161	39.1639224	3.134127687
67	-161	35.4010255	1.654175545
67.25	-161	34.08686451	2.375092088
67.5	-161	37.6380934	2.056764568
67.75	-161	40.86590778	2.552849979
68	-161	40.10855094	1.951890681
68.25	-161	38.74178415	2.817022083
68.5	-161	36.7738468	3.362896754
68.75	-161	31.75874428	4.2909421
69	-161	35.46013183	7.866031327
69.25	-161	36.60592371	3.549998981
69.5	-161	34.72553132	2.606994765
69.75	-161	40.18935414	7.143142782
70	-161	38.30947331	2.911066338
70.25	-161	26.126226	4.794676306
70.5	-161	38.83852684	2.015458268
59	-160.5	36.52166619	2.820022555
59.25	-160.5	33.12362561	2.693789097
59.5	-160.5	36.92044955	2.282893712
59.75	-160.5	37.26173171	6.14040691
60	-160.5	33.72822677	2.238256463
60.25	-160.5	34.0985331	3.168700791
60.5	-160.5	33.5372796	2.117274122
60.75	-160.5	33.4915203	3.301059257
61	-160.5	35.60100453	2.146248061
61.25	-160.5	35.49225501	2.420576394
61.5	-160.5	35.44666002	1.935081471
61.75	-160.5	34.49262029	2.514773942
62	-160.5	33.8307208	2.95030723
62.25	-160.5	34.63699024	2.168790446
62.5	-160.5	31.5	1.428869017
62.75	-160.5	31.5	1.75
63	-160.5	34.87630491	4.384692808
63.25	-160.5	30.44803795	1.948307775
63.5	-160.5	33.30348025	2.121637009
63.75	-160.5	32.76776892	3.062197484
64	-160.5	34.08451596	2.702740109
64.25	-160.5	35.73782359	2.324627462
64.5	-160.5	34.7692967	2.110070537
64.75	-160.5	31.73486895	4.247425934
65	-160.5	31.02778175	1.882076642
65.25	-160.5	32.94169644	2.360470923
65.5	-160.5	30.44758744	1.861636883
65.75	-160.5	30	1.75
66	-160.5	33.558424	6.073177188
66.25	-160.5	31.43971644	2.42881412
66.5	-160.5	30.83554232	1.799139226
66.75	-160.5	32.39562362	4.739029252
67	-160.5	35.89590132	1.920171342
67.25	-160.5	37.37805967	2.579885151
67.5	-160.5	39.47696345	2.006261943
67.75	-160.5	40.89415619	2.536692869
68	-160.5	40.30159001	2.252519997
68.25	-160.5	38.14915321	2.728551008
68.5	-160.5	37.21941702	2.331521021
68.75	-160.5	37.23953204	2.688141433
69	-160.5	33.68331141	3.21246013
69.25	-160.5	37.97360829	2.500063598
69.5	-160.5	36.67466142	2.696267747
69.75	-160.5	39.26005488	3.559317784
70	-160.5	32.75590186	4.296292664
70.25	-160.5	37.88244066	3.110339574
58.75	-160	32	3.5
59	-160	31.72786735	2.037319333
59.25	-160	34.13387425	2.235974572
59.5	-160	37.09733142	1.824569067
59.75	-160	38.19853783	2.950605555
60	-160	37.90074748	2.320793551
60.25	-160	34.9947258	3.618732259
60.5	-160	35.73375838	2.021385803
60.75	-160	35.22494267	2.453133515
61	-160	35.26908571	1.915616147
61.25	-160	35.03498574	2.600315421
61.5	-160	34.47404774	1.763005651
61.75	-160	33.2230562	2.122120911
62	-160	32.9013678	2.576857001
62.25	-160	33.5602891	3.338181134
62.5	-160	31	1.166666667
62.75	-160	31.33333333	1.428869017
63	-160	33.02921687	2.744510447
63.25	-160	31.12810564	1.848957609
63.5	-160	34.75133011	1.658103865
63.75	-160	35.80860365	2.543055691
64	-160	34.46804819	2.460656325
64.25	-160	34.51273556	2.593448913
64.5	-160	35.54588102	3.591021389
64.75	-160	34.33113741	2.256351554
65	-160	32.58965561	2.121009797
65.25	-160	31.90620814	2.068743061
65.5	-160	31.60119053	1.646502853
65.75	-160	32.496074	4.193098506
66	-160	32.65242077	3.465867094
66.25	-160	32.25173975	2.642996168
66.5	-160	34.4381722	2.478596623
66.75	-160	33.36758676	3.718462621
67	-160	35.93291399	2.080006973
67.25	-160	36.77690125	2.257394518
67.5	-160	37.87170245	1.798004497
67.75	-160	43.85070923	3.000579227
68	-160	42.6930595	1.938018999
68.25	-160	39.96911272	2.52354991
68.5	-160	40.16965635	2.090351848
68.75	-160	39.39711886	3.362785012
69	-160	35.89160729	3.777026643
69.25	-160	37.02814248	2.044473503
69.5	-160	39.28490185	2.642060396
69.75	-160	41.30576457	4.382010115
70	-160	37.14122945	14.16429089
70.25	-160	38.37784729	2.417640615
70.5	-160	37.29218963	5.999998199
58.75	-159.5	31	3.5
59	-159.5	33.03579795	1.659799754
59.25	-159.5	33.6435329	2.44401189
59.5	-159.5	37.25859948	2.176496869
59.75	-159.5	38.05835311	2.5254114
60	-159.5	39.01819442	1.778444413
60.25	-159.5	36.19355365	2.524144831
60.5	-159.5	35.94346578	2.249411009
60.75	-159.5	35.78087345	2.733125717
61	-159.5	34.7490271	2.071327304
61.25	-159.5	34.70641347	2.640476332
61.5	-159.5	32.80899027	1.914173088
61.75	-159.5	32.82863011	2.156137318
62	-159.5	32.8234055	2.381516625
62.25	-159.5	29.75	1.75
62.5	-159.5	31.66666667	1.428869017
62.75	-159.5	32.5	1.75
63	-159.5	33.52916114	1.783561953
63.25	-159.5	32.55174559	2.903405824
63.5	-159.5	34.27604644	2.605237344
63.75	-159.5	37.3317221	2.439462598
64	-159.5	34.5	1.428869017
64.25	-159.5	36.25	1.75
64.5	-159.5	36.72787743	6.480243246
64.75	-159.5	33.73095764	2.359006327
65	-159.5	32.02683469	2.253883644
65.25	-159.5	32.47118864	3.010835377
65.5	-159.5	34.20528066	3.128913876
65.75	-159.5	33.47457035	4.2877806
66	-159.5	33.17795547	2.074170098
66.25	-159.5	33.3578339	4.286824696
66.5	-159.5	36.28651581	2.444562449
66.75	-159.5	32	1.75
67	-159.5	36.15257504	2.256649671
67.25	-159.5	36.63679378	2.703282439
67.5	-159.5	38.39727417	2.459266285
67.75	-159.5	39.79095672	4.962026127
68	-159.5	44.03118453	2.017549924
68.25	-159.5	43.17731346	2.547857661
68.5	-159.5	40.39466758	2.177498399
68.75	-159.5	39.96639979	3.292958016
69	-159.5	40.0062723	2.682040655
69.25	-159.5	38.19340012	3.237398271
69.5	-159.5	36.93226755	5.965822877
70	-159.5	36.09919006	3.698039722
70.25	-159.5	40.17291095	3.721855352
70.5	-159.5	39.14164331	3.696481856
58.5	-159	27.8	1.565247584
58.75	-159	29	1.428869017
59	-159	31.69090464	1.671889851
59.25	-159	35.11683468	1.830928015
59.5	-159	36.86106981	1.760283413
59.75	-159	39.74717531	2.577030061
60	-159	38.35951892	1.783376263
60.25	-159	37.22494224	2.928450454
60.5	-159	35.42960056	1.967820273
60.75	-159	36.87509375	5.969534392
61	-159	35.20933846	2.016570113
61.25	-159	32.27686565	2.713660649
61.5	-159	31.9369918	2.367994127
61.75	-159	31.89507004	1.968185753
62	-159	31.47999924	1.826188405
62.25	-159	31.86479883	2.490194806
62.5	-159	32.58168881	3.580290456
62.75	-159	30.2073344	3.120008106
63	-159	33.79710402	2.210743864
63.25	-159	30.60703415	2.588495306
63.5	-159	31.56459509	2.052039193
63.75	-159	36.4350577	2.435516486
64	-159	34.85715032	3.187361805
64.25	-159	36.83333333	1.428869017
64.5	-159	38.42193374	5.381529375
64.75	-159	34.53430894	2.48665988
65	-159	31.31071552	2.194682992
65.25	-159	30.4411702	3.027178051
65.5	-159	33.73975237	2.477748804
65.75	-159	32.64481822	2.946290885
66	-159	32.25013927	1.881807718
66.25	-159	34.26518994	2.67696815
66.5	-159	34.09008157	4.854159793
66.75	-159	36.62492826	3.484653312
67	-159	36.3744353	2.06908296
67.25	-159	35.99637425	3.1462835
67.5	-159	38.49058292	1.776030138
67.75	-159	39.34160066	6.752403779
68	-159	44.58321754	1.802425998
68.25	-159	44.71024039	2.359624737
68.5	-159	39.58563989	1.989857774
68.75	-159	42.01780823	2.21751255
69	-159	37.94471421	2.408902412
69.25	-159	36.19995867	4.632428191
69.5	-159	43.29140259	13.92375897
70	-159	36.60934972	2.708370813
70.25	-159	39.28217822	3.962835976
70.5	-159	41.45817018	4.486782291
57.75	-158.5	30.5	2.474873734
58	-158.5	30	2.020725942
58.25	-158.5	28	2.020725942
58.5	-158.5	26.83333333	1.428869017
58.75	-158.5	30.5	1.75
59	-158.5	33.26361362	1.695171728
59.25	-158.5	36.15163751	2.043578919
59.5	-158.5	35.26160114	1.876853612
59.75	-158.5	38.66787512	2.593333034
60	-158.5	36.32583324	1.914476102
60.25	-158.5	35.72634298	2.905170334
60.5	-158.5	36.10029544	2.079011437
60.75	-158.5	36.81746939	2.684691156
61	-158.5	35.02902565	2.035434079
61.25	-158.5	32.33686817	2.523425246
61.5	-158.5	32.18141008	2.05511769
61.75	-158.5	33.17416261	2.464608885
62	-158.5	31.68073987	2.344464862
62.25	-158.5	32.11820735	2.128958081
62.5	-158.5	33.49008374	2.129979323
62.75	-158.5	34.28058557	2.221603321
63	-158.5	33.40423511	4.123049439
63.25	-158.5	30.95354944	2.740035988
63.5	-158.5	29.76519848	2.42040038
63.75	-158.5	34.87227508	5.2785793
64	-158.5	31.66666667	1.428869017
64.25	-158.5	33.25	1.75
64.5	-158.5	36.51390152	3.086809572
64.75	-158.5	33.27254311	3.338937532
65	-158.5	32.77260599	2.109826382
65.25	-158.5	31.48920392	2.127159083
65.5	-158.5	34.21213298	2.058807121
65.75	-158.5	31.26348755	2.730818469
66	-158.5	31.53039858	1.971356447
66.25	-158.5	32.60734386	3.821918882
66.5	-158.5	31.83333333	1.428869017
66.75	-158.5	32.75	1.75
67	-158.5	35.54745155	2.126869165
67.25	-158.5	34.87229395	3.617272246
67.5	-158.5	39.4207269	2.150568737
67.75	-158.5	40.35523682	2.71102356
68	-158.5	42.58161415	2.008501856
68.25	-158.5	44.26495671	2.480563502
68.5	-158.5	39.09764536	2.256880925
68.75	-158.5	38.77256678	3.255102035
69	-158.5	36.91924819	2.740860295
69.5	-158.5	42.68039096	7.289031339
69.75	-158.5	39.7916391	10.16518229
70	-158.5	36.54588702	3.128502353
70.25	-158.5	39.72764782	8.017351346
70.5	-158.5	40.14274805	6.642940551
57.75	-158	27	1.565247584
58	-158	28.55555556	1.166666667
58.25	-158	27.33333333	1.428869017
58.5	-158	29.11111111	1.166666667
58.75	-158	32.66666667	1.428869017
59	-158	31.01695567	1.810872322
59.25	-158	32.15551595	1.993882563
59.5	-158	33.69604792	2.183858009
59.75	-158	35.08881913	2.241922532
60	-158	35.6398163	1.7804339
60.25	-158	35.18837759	2.941644809
60.5	-158	35.57224736	2.476987022
60.75	-158	35.59397763	3.874043821
61	-158	34.1349417	1.910589995
61.25	-158	31.77302351	2.511670758
61.5	-158	31.87949709	1.883706907
61.75	-158	33.00215225	4.519261023
62	-158	32.57841189	2.612033649
62.25	-158	32.05307869	1.826296581
62.5	-158	36.19928372	1.911428696
62.75	-158	34.42905687	2.383801706
63	-158	33.19043442	2.210857649
63.25	-158	33.37942774	3.323939316
63.5	-158	31	1.166666667
63.75	-158	30.5	1.428869017
64	-158	33.69786276	6.630400762
64.25	-158	31.5	1.428869017
64.5	-158	36.04041396	2.028830194
64.75	-158	33.68273325	2.506141469
65	-158	31.82566348	1.779759214
65.25	-158	32.52155795	1.946405735
65.5	-158	33.34031089	1.812929611
65.75	-158	31.26975516	2.115792009
66	-158	30.22032903	2.099724776
66.25	-158	32.35440489	2.520747612
66.5	-158	34.46107032	5.322463421
66.75	-158	34.87938929	3.133608283
67	-158	35.63059269	2.040249405
67.25	-158	33.22292924	2.737687824
67.5	-158	37.22540654	1.859162685
67.75	-158	40.92713274	2.445892437
68	-158	41.03427355	1.814611826
68.25	-158	40.01181973	3.0381499
68.5	-158	39.55037929	2.39257214
68.75	-158	36.95491056	3.103587581
69	-158	35.21697788	6.557643115
69.25	-158	37.40704456	7.675586574
69.5	-158	42.38953206	5.097520372
69.75	-158	40.64713877	3.71063985
70	-158	31.07690741	2.973715467
70.25	-158	37.20617625	4.364769865
57.75	-157.5	26.25	1.75
58	-157.5	27.66666667	1.428869017
58.25	-157.5	28.5	1.75
58.5	-157.5	33.16666667	1.428869017
58.75	-157.5	32.75	1.75
59	-157.5	30.68779045	2.394150953
59.25	-157.5	32.01623961	2.672959691
59.5	-157.5	34.76653862	1.889737916
59.75	-157.5	33.90835708	2.584706303
60	-157.5	37.62292344	2.322763331
60.25	-157.5	33.93132443	3.798005436
60.5	-157.5	32.83576734	2.016188467
60.75	-157.5	32.27771102	3.877702039
61	-157.5	34.15372222	2.201621946
61.25	-157.5	31.36932764	3.490316463
61.5	-157.5	31.82215013	2.198702083
61.75	-157.5	35.56924671	4.112782993
62	-157.5	31.08181483	2.154368187
62.25	-157.5	31.63441929	2.485358461
62.5	-157.5	35.44215857	2.409397868
62.75	-157.5	32.54127894	3.658452065
63	-157.5	34.79784302	3.040928952
63.25	-157.5	34.15349796	2.581210539
63.5	-157.5	31.64336636	2.938891117
63.75	-157.5	33.05005429	2.754982382
64	-157.5	32.35852321	3.921077263
64.25	-157.5	31.5	1.75
64.5	-157.5	34.79100033	2.494454808
64.75	-157.5	33.30565239	2.979168592
65	-157.5	26.94022431	2.73798679
65.25	-157.5	32.51612782	1.84006479
65.5	-157.5	33.7094299	1.712183641
65.75	-157.5	33.516451	2.758408561
66	-157.5	31.25420056	1.93679345
66.25	-157.5	30.50748739	2.025836337
66.5	-157.5	33.35043204	2.751459884
66.75	-157.5	35.1404243	2.270119474
67	-157.5	37.0295399	1.627346276
67.25	-157.5	35.78057619	4.356559364
67.5	-157.5	37.03996963	1.733818112
67.75	-157.5	39.74454817	2.511707371
68	-157.5	41.05732105	1.871356202
68.25	-157.5	40.61845398	2.793653714
68.5	-157.5	37.7158558	1.944792277
68.75	-157.5	36.59493386	2.337025086
69	-157.5	34.7697442	3.006239013
69.25	-157.5	37.56401851	4.971826219
69.5	-157.5	39.18831591	2.648490725
69.75	-157.5	42.36032596	5.453918691
70	-157.5	33.38142483	2.237515358
70.25	-157.5	36.84940216	5.524915785
71	-157.5	42.40484403	6.418703561
57.25	-157	29.25	1.75
57.5	-157	27	3.5
57.75	-157	24.5	1.428869017
58	-157	25.88888889	1.166666667
58.25	-157	29.66666667	1.428869017
58.5	-157	32.22222222	1.166666667
58.75	-157	33.89468834	2.105535496
59	-157	33.35545704	2.040858051
59.25	-157	34.76534092	2.741091064
59.5	-157	33.18578388	2.132051188
59.75	-157	33.27707896	2.4016539
60	-157	31.69367689	2.192188934
60.25	-157	32.5397068	5.310373377
60.5	-157	31.61582567	2.075120835
60.75	-157	30.61026458	3.320969338
61	-157	34.10129573	1.833450057
61.25	-157	31.60033267	2.128492836
61.5	-157	30.895181	2.117587902
61.75	-157	34.7163629	2.502083883
62	-157	33.41111173	2.326043182
62.25	-157	33.13761629	2.272563135
62.5	-157	34.38762589	2.177509329
62.75	-157	34.54970558	1.912360114
63	-157	36.23921168	2.599509324
63.25	-157	35.17291599	2.212494506
63.5	-157	33.01127778	1.87066636
63.75	-157	32.79836597	2.534134944
64	-157	34.30982855	3.632868327
64.25	-157	33.04636661	5.386231969
64.5	-157	33.38273203	5.40202703
64.75	-157	34.07240389	2.045303122
65	-157	32.54385351	3.085715609
65.25	-157	33.57746683	1.975320821
65.5	-157	32.88943241	1.801870847
65.75	-157	30.33333333	1.428869017
66	-157	31.632301	2.07836852
66.25	-157	32.65077573	2.256390475
66.5	-157	36.65234722	3.199659066
66.75	-157	37.01034225	2.539610866
67	-157	38.65674069	1.89985628
67.25	-157	37.91288793	2.445159236
67.5	-157	38.33532016	1.583541557
67.75	-157	40.36573456	4.406390876
68	-157	40.07985902	2.406239417
68.25	-157	42.00560037	2.583448526
68.5	-157	38.12254756	1.986678739
68.75	-157	35.94814396	2.48851544
69	-157	33.84977941	1.812658663
69.25	-157	36.24714205	3.130988479
69.5	-157	32.23114596	2.922877512
69.75	-157	36.2390474	7.727648732
70	-157	38.14984794	3.208033015
70.25	-157	36.12344123	9.34554156
71	-157	34.10239809	6.782797097
71.25	-157	39.18232828	3.153436372
71.5	-157	35.4494758	3.779799361
57.25	-156.5	30	1.75
57.5	-156.5	29.33333333	2.020725942
57.75	-156.5	25.33333333	2.020725942
58	-156.5	26.66666667	1.428869017
58.25	-156.5	30	1.75
58.5	-156.5	30.5	1.428869017
58.75	-156.5	31.67582264	2.449629565
59	-156.5	32.36864255	1.997424634
59.25	-156.5	33.02507933	2.554322845
59.5	-156.5	31.95598526	1.967355399
59.75	-156.5	32.39962737	2.333264417
60	-156.5	30.24729511	4.826532221
60.25	-156.5	30	1.75
60.5	-156.5	32.56042839	2.019623964
60.75	-156.5	31.53831025	2.498506249
61	-156.5	31.88561682	1.942284742
61.25	-156.5	32.82229521	2.592776581
61.5	-156.5	32.67566993	1.970775964
61.75	-156.5	34.14145439	2.589568798
62	-156.5	34.38208386	2.561522346
62.25	-156.5	33.33455309	2.888200572
62.5	-156.5	32.93339583	1.887304952
62.75	-156.5	32.17944947	3.599019693
63	-156.5	33.72055283	1.980577756
63.25	-156.5	34.72907124	2.573797039
63.5	-156.5	32.93243876	1.97859144
63.75	-156.5	34.07518902	2.611056651
64	-156.5	33.90356795	2.779806953
64.25	-156.5	31.8245186	2.987056143
64.5	-156.5	30.83333333	1.428869017
64.75	-156.5	33.48626314	2.398627812
65	-156.5	34.00484757	2.643874906
65.25	-156.5	34.53951878	3.356081512
65.5	-156.5	32.77768668	2.095512987
65.75	-156.5	34.03077818	3.637368731
66	-156.5	32.58099595	1.936730771
66.25	-156.5	33.77003181	2.6487083
66.5	-156.5	37.40685022	5.598346162
66.75	-156.5	37.68880179	3.000320569
67	-156.5	39.45461612	1.910920097
67.25	-156.5	40.08452825	2.546326962
67.5	-156.5	38.2574801	2.087548772
67.75	-156.5	40.90914387	6.843852618
68	-156.5	38.55762081	2.260565739
68.25	-156.5	36.29016047	2.125670172
68.5	-156.5	36.47660952	2.362828777
68.75	-156.5	35.98893097	2.56381687
69	-156.5	32.98392115	3.433529078
69.25	-156.5	35.33871335	4.666312831
69.5	-156.5	35.45198963	3.621870023
69.75	-156.5	42.32009861	3.989895455
70	-156.5	33.49596417	2.687708836
70.25	-156.5	37.85813672	3.588238933
71	-156.5	33.95763135	3.868836835
71.25	-156.5	38.0587146	1.971099205
71.5	-156.5	34.26490752	1.446568071
57.25	-156	33.33333333	1.428869017
57.5	-156	37.625	1.237436867
57.75	-156	36.16666667	1.428869017
58	-156	35.05405606	2.769725936
58.25	-156	32.34229617	2.175306276
58.5	-156	29.44282776	4.300537755
58.75	-156	32.9230893	6.422382364
59	-156	34.6699097	2.003647331
59.25	-156	31.54444322	2.278747003
59.5	-156	32.64277844	1.710845808
59.75	-156	32.34783483	2.822252154
60	-156	32.83233328	2.520255961
60.25	-156	32.14572498	8.540025685
60.5	-156	32.96043796	2.240935402
60.75	-156	31.09065915	2.499720489
61	-156	31.39335129	2.079481797
61.25	-156	32.50175867	2.608905938
61.5	-156	30.82956565	1.931223066
61.75	-156	33.13186092	2.470447559
62	-156	33.23276438	1.613169814
62.25	-156	33.10389165	3.257354446
62.5	-156	33.57750518	2.377510011
62.75	-156	31.96159668	2.689540787
63	-156	33.24780516	2.066557771
63.25	-156	31.43222038	3.266296352
63.5	-156	31.52575717	2.069166274
63.75	-156	34.52946429	4.149829784
64	-156	32.17507768	2.182888559
64.25	-156	31.6481471	2.99928951
64.5	-156	32.72605944	4.689468901
64.75	-156	33.05647363	2.430333895
65	-156	33.55432277	1.965982224
65.25	-156	33.87929628	2.791199333
65.5	-156	33.08699464	1.618261966
65.75	-156	34.2835575	2.730057199
66	-156	35.27262627	2.167935156
66.25	-156	36.19442936	3.133873635
66.5	-156	38.33333333	1.166666667
66.75	-156	41.24160985	5.835399597
67	-156	39.70065829	1.645053042
67.25	-156	41.62162403	2.184114911
67.5	-156	41.97687456	1.441978126
67.75	-156	40.10092195	2.207493649
68	-156	40.89514247	2.15673102
68.25	-156	37.5305216	2.127701467
68.5	-156	37.17421552	2.033486905
68.75	-156	35.22639236	1.969379284
69	-156	37.6099269	3.008147089
69.25	-156	47.0270409	7.020999624
69.5	-156	35.41046189	4.26917369
69.75	-156	43.7718846	3.916534416
70	-156	34.67566267	3.136127997
70.25	-156	38.80326257	4.104887378
71	-156	34.78528387	3.346190053
71.25	-156	33.97633131	2.682852867
57.25	-155.5	38.75	1.75
57.5	-155.5	40	2.020725942
57.75	-155.5	39.5	1.75
58	-155.5	37.75	1.75
58.25	-155.5	35.95189859	1.754650228
58.5	-155.5	30.91415615	2.234558899
58.75	-155.5	31.41127123	2.392606871
59	-155.5	30.32742214	2.631119335
59.25	-155.5	31.39973636	2.308325047
59.5	-155.5	33.29988539	2.021761535
59.75	-155.5	31.98085196	2.13624815
60	-155.5	32.85512189	2.239682631
60.25	-155.5	33.7470956	2.66349148
60.5	-155.5	34.14772632	2.453393197
60.75	-155.5	32.86786588	2.563051477
61	-155.5	33.01311437	2.176458075
61.25	-155.5	32.24985746	2.452286293
61.5	-155.5	32.02617904	2.139003812
61.75	-155.5	34.54344254	3.360703468
62	-155.5	33.67478112	1.793608266
62.25	-155.5	33.08058966	3.006919278
62.5	-155.5	33.20297112	3.053272591
62.75	-155.5	33.34755398	2.218740736
63	-155.5	31.57235231	2.171453825
63.25	-155.5	31.75	1.75
63.5	-155.5	32.20687813	2.89887775
63.75	-155.5	31.5	1.75
64	-155.5	32.0428994	2.085236518
64.25	-155.5	32.48867892	2.605792826
64.5	-155.5	32.94168011	3.270789542
64.75	-155.5	30.97149645	2.3388706
65	-155.5	32.50147307	4.331343045
65.25	-155.5	33.84783822	2.466232324
65.5	-155.5	31.67746534	1.94360759
65.75	-155.5	33.06561611	2.909713153
66	-155.5	36.07952797	2.077129047
66.25	-155.5	35.72656722	2.552113628
66.5	-155.5	35.52924063	4.721532479
66.75	-155.5	39.26349812	2.371798352
67	-155.5	39.32830581	1.985287046
67.25	-155.5	40.85922366	2.548592189
67.5	-155.5	42.85973381	1.807476307
67.75	-155.5	43.00958523	2.219048595
68	-155.5	42.05732262	2.166865989
68.25	-155.5	40.00646867	2.04023983
68.5	-155.5	38.71496053	1.84787862
68.75	-155.5	37.55345826	2.82631742
69	-155.5	35.47135038	2.390626572
69.25	-155.5	32.78149004	3.941052912
69.5	-155.5	38.06567676	2.774075355
69.75	-155.5	35.77205188	3.423157062
70	-155.5	34.7951113	7.214491338
70.25	-155.5	35.7180795	3.854045967
70.5	-155.5	35.90645011	6.989738657
70.75	-155.5	44.76318813	7.641209453
71	-155.5	34.13359447	3.692856642
71.25	-155.5	35.65234136	3.899410164
57.25	-155	35	3.5
57.5	-155	35.83333333	1.428869017
57.75	-155	37.8	1.565247584
58	-155	39.05112394	1.878839377
58.25	-155	36.07030378	2.507553148
58.5	-155	31.66434575	2.174955822
58.75	-155	28.06754088	3.229207726
59	-155	34.12697886	2.031723791
59.25	-155	32.70430351	2.309802442
59.5	-155	32.12839904	1.990378479
59.75	-155	31.40667527	2.691615057
60	-155	34.17068783	2.265475689
60.25	-155	34.03546025	2.898749514
60.5	-155	34.2244172	2.737875517
60.75	-155	33.64929671	2.745726238
61	-155	35.45077478	1.870522675
61.25	-155	34.26906587	2.767379577
61.5	-155	33.19601278	2.687751207
61.75	-155	32.73147451	2.925271919
62	-155	31.94872162	1.494286703
62.25	-155	32.12022557	3.378217445
62.5	-155	33.10895391	1.682991185
62.75	-155	33.18258119	2.065685178
63	-155	33.35925145	3.032187366
63.25	-155	31.43365491	2.941910565
63.5	-155	32.41230679	1.847496034
63.75	-155	32.16436594	2.888872304
64	-155	32.25884363	2.08765345
64.25	-155	33.07098279	2.042295691
64.5	-155	32.0501521	2.548784611
64.75	-155	32.91122478	2.235968672
65	-155	35.26224929	4.441746403
65.25	-155	32.38575099	2.491050676
65.5	-155	31.82590611	1.728425987
65.75	-155	32.9332026	2.264081652
66	-155	35.20652154	2.25594178
66.25	-155	36.39582121	1.969162792
66.5	-155	35.21979497	2.083535915
66.75	-155	38.02662644	2.628096237
67	-155	38.14489273	1.867851646
67.25	-155	39.80288534	2.17515588
67.5	-155	40.94195625	1.831416888
67.75	-155	42.95822796	1.880960559
68	-155	42.60019995	2.060172094
68.25	-155	40.17524714	2.104408162
68.5	-155	38.45455587	1.714252949
68.75	-155	37.30757761	3.037739534
69	-155	38.03559342	2.174858785
69.25	-155	37.21586728	3.251147216
69.5	-155	38.24533248	2.216814347
69.75	-155	34.7291183	2.48428396
70	-155	41.15251094	4.92267516
70.25	-155	33.27288716	2.776290702
70.75	-155	41.50851391	5.269600702
71	-155	39.26513944	2.770977733
57.25	-154.5	33	3.5
57.5	-154.5	35.33333333	1.428869017
57.75	-154.5	37.5	1.75
58	-154.5	37.16666667	1.428869017
58.25	-154.5	37.03842919	3.233562528
58.5	-154.5	39.95819103	2.093748424
58.75	-154.5	33.98029733	4.576146349
59	-154.5	34.92952527	2.699769845
59.25	-154.5	33.96526633	2.226963017
59.5	-154.5	35.03876742	2.280271099
59.75	-154.5	34.32117497	2.513840279
60	-154.5	35.41280654	2.594695024
60.25	-154.5	31.6716826	3.391213696
60.5	-154.5	32.43716244	3.767272499
60.75	-154.5	33.88078547	2.110887007
61	-154.5	36.07340396	2.811220685
61.25	-154.5	35.84245869	3.881501065
61.5	-154.5	35.46293076	5.836206479
61.75	-154.5	32.48078133	5.817902229
62	-154.5	35.69191968	2.060223433
62.25	-154.5	33.2394873	2.19459084
62.5	-154.5	32.46580679	1.974774704
62.75	-154.5	31.99323785	4.163448645
63	-154.5	32.38102055	7.862932154
63.25	-154.5	30.87590476	3.608174727
63.5	-154.5	31.75715152	1.857420855
63.75	-154.5	32.12214807	2.881384363
64	-154.5	32.39506979	2.16639165
64.25	-154.5	31.75936141	2.066748867
64.5	-154.5	31.44268265	2.176069176
64.75	-154.5	34.31166156	2.718196183
65	-154.5	32.144057	2.467079923
65.25	-154.5	34.62038958	2.751778415
65.5	-154.5	32.44587728	1.896070801
65.75	-154.5	32.5755233	3.022465786
66	-154.5	35.5093146	4.456038904
66.25	-154.5	36.31898976	3.421790969
66.5	-154.5	35.48958541	1.856394713
66.75	-154.5	36.20649737	2.68509425
67	-154.5	37.36467406	2.306760157
67.25	-154.5	41.03969353	2.221170379
67.5	-154.5	41.71027545	1.756209097
67.75	-154.5	44.37448883	1.867868358
68	-154.5	42.97398676	2.169463831
68.25	-154.5	39.97231558	2.927617898
68.5	-154.5	38.47189845	1.940101489
68.75	-154.5	38.36918395	2.952924613
69	-154.5	38.66723581	2.655504646
69.25	-154.5	36.62227495	3.665466145
69.5	-154.5	39.9199186	3.1023901
69.75	-154.5	33.66865121	3.546964124
70	-154.5	40.4483343	6.159979091
70.25	-154.5	32.62726858	3.582010392
70.5	-154.5	41.26342317	4.77202677
70.75	-154.5	40.91836768	2.843209619
71	-154.5	36.59206419	3.274170472
57.5	-154	34.66666667	2.020725942
57.75	-154	35.5	1.428869017
58	-154	35.22222222	1.166666667
58.25	-154	35.36400715	7.074150402
58.5	-154	37.17138443	4.531725067
58.75	-154	37.21893713	1.880133356
59	-154	36.54486954	1.6112471
59.25	-154	33.27150533	2.436409893
59.5	-154	35.1200914	2.012193133
59.75	-154	34.59989271	3.48884304
60	-154	33.62342014	2.216159366
60.25	-154	30.96030423	3.09923673
60.5	-154	33.20505941	3.113600623
60.75	-154	35.39906168	2.794236831
61	-154	36.02523395	2.603032267
61.25	-154	37.61823718	3.23345226
61.5	-154	37.52864189	2.596758257
61.75	-154	38.12485306	2.302113857
62	-154	37.06279541	1.794882201
62.25	-154	35.03877579	2.345184222
62.5	-154	32.9963263	1.774911633
62.75	-154	32.31611152	3.651804541
63	-154	33.77711228	3.754849761
63.25	-154	31.14230159	2.67651433
63.5	-154	31.62044244	2.052956977
63.75	-154	32.5	1.428869017
64	-154	31.29859482	1.917769215
64.25	-154	31.16426722	2.38391667
64.5	-154	32.1912375	2.416547162
64.75	-154	33.86439923	2.880296596
65	-154	31.41300399	2.298425918
65.25	-154	32.98628122	2.25240675
65.5	-154	32.36050369	1.848424923
65.75	-154	31.95723383	3.011721221
66	-154	33.23170093	5.478265963
66.25	-154	35.32231105	5.005151806
66.5	-154	34.59921376	1.522339139
66.75	-154	35.71043991	2.278016866
67	-154	38.43833306	2.242223951
67.25	-154	39.56544005	2.144216902
67.5	-154	43.09026061	1.568477796
67.75	-154	43.58629963	1.823893244
68	-154	43.90529782	2.250416212
68.25	-154	42.87172828	3.47232328
68.5	-154	39.62024918	2.133161545
68.75	-154	41.74265077	2.791381527
69	-154	37.39147027	2.826368407
69.25	-154	32.09343003	4.612366673
69.5	-154	37.14124628	2.074963854
69.75	-154	34.34302759	2.78275797
70	-154	36.40198643	3.835083394
70.25	-154	31.11307863	4.817746404
70.5	-154	38.65673999	3.159375361
70.75	-154	35.00146353	3.604845302
71	-154	39.28809725	3.341066117
57.75	-153.5	48.41643121	2.719255593
58	-153.5	46.77552318	2.438888567
58.25	-153.5	36.5	1.75
58.5	-153.5	38.34233731	3.036014318
58.75	-153.5	38.05967442	3.209927652
59	-153.5	35.64184294	1.394167168
59.25	-153.5	35.01359237	1.37322341
59.5	-153.5	33.9246589	1.180055572
59.75	-153.5	36.29246359	2.762786772
60	-153.5	35.57362625	1.956582004
60.25	-153.5	34.01241801	3.816175953
60.5	-153.5	31.72323792	3.199853721
60.75	-153.5	35.03274946	3.35079616
61	-153.5	36.2224511	5.196618564
61.25	-153.5	38.83486956	3.192627841
61.5	-153.5	38.40241184	2.444112684
61.75	-153.5	38.82727211	2.436525118
62	-153.5	36.76927454	2.065553048
62.25	-153.5	35.32759938	7.128204871
62.5	-153.5	34.56953568	2.045256447
62.75	-153.5	33.91842698	3.999799464
63	-153.5	33.85876085	4.236402179
63.25	-153.5	31.93682251	2.617671489
63.5	-153.5	31.35275236	2.368930751
63.75	-153.5	28.81652173	6.219672013
64	-153.5	30.38324972	2.459492742
64.25	-153.5	31.8160611	2.098407209
64.5	-153.5	30.66666667	1.428869017
64.75	-153.5	32.67459028	2.346517186
65	-153.5	33.10829865	2.991055361
65.25	-153.5	32.59397767	2.340582754
65.5	-153.5	31.99241973	2.389872584
65.75	-153.5	31.53142702	2.419577292
66	-153.5	32.48692256	2.526131599
66.25	-153.5	35.81208518	3.701761417
66.5	-153.5	35.69094914	2.06996973
66.75	-153.5	36.14576685	2.594501808
67	-153.5	38.13093539	2.058082771
67.25	-153.5	40.15700271	2.231710597
67.5	-153.5	43.08471336	1.845702665
67.75	-153.5	42.75447113	2.513702615
68	-153.5	43.98405934	2.121797742
68.25	-153.5	41.95116442	2.511693087
68.5	-153.5	40.1442029	2.344308686
68.75	-153.5	42.45818338	2.768776185
69	-153.5	39.81444408	3.030121239
69.25	-153.5	38.26211091	7.036673735
69.5	-153.5	37.58741256	1.919484008
69.75	-153.5	35.82521856	3.728793315
70	-153.5	40.10216403	3.125410372
70.25	-153.5	36.21040562	4.822427562
70.5	-153.5	36.75366321	3.232256553
70.75	-153.5	37.91237256	5.575553646
71	-153.5	43.48926352	7.940449039
58	-153	45.72390411	3.202658564
58.25	-153	44.69408926	5.616737552
58.5	-153	34.88888889	1.166666667
58.75	-153	39.66666667	1.428869017
59	-153	37.61990034	2.623084639
59.25	-153	35.73310069	1.437118081
59.5	-153	32.2304298	1.087565318
59.75	-153	33.28136598	1.58243331
60	-153	34.77058669	1.573150055
60.25	-153	35.98134852	3.370616818
60.5	-153	34.09380153	2.742814627
60.75	-153	36.35239315	3.334972215
61	-153	36.49530191	2.440608411
61.25	-153	38.42658228	3.570484149
61.5	-153	37.01864446	2.330903658
61.75	-153	38.8096282	2.467901958
62	-153	36.66037598	1.948130103
62.25	-153	39.05143481	2.643005306
62.5	-153	36.56230446	2.325197764
62.75	-153	33.84269793	3.014306396
63	-153	31.3043349	1.720772053
63.25	-153	32.04548293	2.745292238
63.5	-153	30.80162421	2.28551203
63.75	-153	28.44858999	3.108621384
64	-153	30.18431191	2.380879578
64.25	-153	31.83468638	4.375837417
64.5	-153	32.09698837	2.935409714
64.75	-153	31.5	1.428869017
65	-153	30.40463849	4.25630455
65.25	-153	33.16666667	1.428869017
65.5	-153	31.78804726	2.341162902
65.75	-153	31.42583537	2.898330856
66	-153	34.22549786	2.124811917
66.25	-153	35.36689431	2.941581126
66.5	-153	36.3368195	1.54816553
66.75	-153	36.63651103	3.446557301
67	-153	39.15449166	1.879432004
67.25	-153	40.62743513	1.785836084
67.5	-153	41.32934545	1.550743365
67.75	-153	41.43912417	2.180910985
68	-153	43.26883153	1.85340809
68.25	-153	41.75126356	2.203573233
68.5	-153	39.45468306	2.066573975
68.75	-153	36.09831645	3.5530379
69	-153	40.71220878	2.564998921
69.25	-153	35.67604862	4.815222045
69.5	-153	38.02994227	1.928320327
69.75	-153	38.28135945	2.234821657
70	-153	36.93780384	6.355136879
70.25	-153	34.23596209	3.224008633
70.5	-153	32.27675251	2.354905451
70.75	-153	39.83652228	3.333776886
58.25	-152.5	46.54065188	3.073366861
58.5	-152.5	44.48501586	2.363798632
58.75	-152.5	42.19613005	2.138307199
59	-152.5	40.15895045	6.691833561
59.25	-152.5	36.25	1.75
59.5	-152.5	36.66666667	1.428869017
59.75	-152.5	36.53684034	4.484812084
60	-152.5	34.48573071	1.900108733
60.25	-152.5	35.08614614	2.41273692
60.5	-152.5	33.23278624	2.320395988
60.75	-152.5	36.6925296	3.058487222
61	-152.5	38.72790755	3.18390871
61.25	-152.5	34.96555732	2.822863499
61.5	-152.5	36.33845522	2.310966051
61.75	-152.5	37.78105025	2.540077476
62	-152.5	37.02336816	1.994957434
62.25	-152.5	39.34940324	2.969353674
62.5	-152.5	36.90613621	5.60563426
62.75	-152.5	34.35114929	3.974465105
63	-152.5	30.62253995	2.314084118
63.25	-152.5	33.57011518	2.91697299
63.5	-152.5	31.37793652	1.956918854
63.75	-152.5	29.72487334	4.456549063
64	-152.5	29.21723992	2.254009265
64.25	-152.5	31	1.75
64.5	-152.5	32.50705165	4.549863965
64.75	-152.5	33.07733315	5.586083691
65	-152.5	29.67845952	3.110097746
65.25	-152.5	32.5	1.75
65.5	-152.5	31.84430381	2.095030598
65.75	-152.5	32.14783454	2.083816242
66	-152.5	34.22919964	2.307354942
66.25	-152.5	36.71186631	2.310554428
66.5	-152.5	35.53511296	2.207078987
66.75	-152.5	37.54009151	3.172908764
67	-152.5	38.56902669	2.090511258
67.25	-152.5	41.61981275	2.132914593
67.5	-152.5	41.04214042	1.836970417
67.75	-152.5	41.16287116	2.32796805
68	-152.5	40.97714903	2.348322974
68.25	-152.5	40.04729424	2.502348077
68.5	-152.5	40.09865779	1.987750844
68.75	-152.5	36.75696249	3.047162306
69	-152.5	36.08842613	3.203507196
69.25	-152.5	36.91347153	3.280038743
69.5	-152.5	37.83934658	2.767529352
69.75	-152.5	36.74166392	2.479443226
70	-152.5	39.11590549	2.373757969
70.25	-152.5	33.98055133	2.35786161
70.5	-152.5	33.75667573	2.650544393
70.75	-152.5	40.50217554	5.075916542
71	-152.5	44.72661442	5.758037219
58.5	-152	49.95424141	4.579198206
58.75	-152	44.97835173	3.724366717
59	-152	43.21734297	6.555749503
59.25	-152	36.16666667	1.428869017
59.5	-152	30.89673698	4.240653526
59.75	-152	30.14501629	5.737028086
60	-152	38	1.166666667
60.25	-152	35.39584018	7.702605779
60.5	-152	32.79700965	2.426157084
60.75	-152	36.17316913	3.324043877
61	-152	36.02011508	2.868646636
61.25	-152	35.78999276	3.048171849
61.5	-152	35.8905134	2.12717134
61.75	-152	38.14995195	2.044646426
62	-152	38.02265476	1.682708274
62.25	-152	38.23745677	2.913714688
62.5	-152	36.44105275	8.252389883
62.75	-152	35.32946173	1.810774061
63	-152	33.07804177	1.879686817
63.25	-152	34.04127083	3.183486384
63.5	-152	31.99935223	1.709921968
63.75	-152	29.5298676	3.532795518
64	-152	28.65529415	1.964872298
64.25	-152	30.5	1.428869017
64.5	-152	30.22222222	1.166666667
64.75	-152	30.66666667	1.428869017
65	-152	30.23719316	2.114203725
65.25	-152	30.88505867	1.961472349
65.5	-152	31.25272166	1.874562655
65.75	-152	31.62765834	2.815162514
66	-152	33.07941513	1.965426587
66.25	-152	35.99153374	3.340863102
66.5	-152	36.37685442	2.409555527
66.75	-152	37.33943201	2.62049982
67	-152	38.73620819	1.957812813
67.25	-152	42.08511475	2.153283822
67.5	-152	41.67305377	1.917238337
67.75	-152	42.58376006	2.507311995
68	-152	41.59114369	2.053073137
68.25	-152	40.93946973	2.103377279
68.5	-152	40.26159971	1.9599551
68.75	-152	37.50453272	3.13237582
69	-152	43.95023433	2.374164808
69.25	-152	36.8952746	8.116883876
69.5	-152	35.44262954	3.08098933
69.75	-152	40.22391726	2.109575845
70	-152	38.35121189	2.845611028
70.25	-152	34.32831927	4.189831935
70.5	-152	35.00972424	3.164515365
59	-151.5	35.75	1.75
59.25	-151.5	44.41262592	2.985868699
59.5	-151.5	39.0320896	2.299114421
59.75	-151.5	31.31902467	3.05047702
60	-151.5	34.86933845	2.444920744
60.25	-151.5	36.10266377	5.264780558
60.5	-151.5	35.12940646	2.629038069
60.75	-151.5	32.34040845	1.668580409
61	-151.5	35.7909369	2.02256686
61.25	-151.5	34.87878254	2.710261408
61.5	-151.5	36.16829097	2.101584364
61.75	-151.5	38.22568033	2.661818963
62	-151.5	38.23740263	1.853480304
62.25	-151.5	39.82283102	3.951231863
62.5	-151.5	36.65067696	2.888473018
62.75	-151.5	34.67779123	3.665457077
63	-151.5	32.81358983	2.91889986
63.25	-151.5	32.75741037	2.066442284
63.5	-151.5	31.19981543	2.004005669
63.75	-151.5	30.44083755	2.097093164
64	-151.5	28.77704331	2.530488109
64.25	-151.5	27.57094658	2.783123705
64.5	-151.5	30	1.428869017
64.75	-151.5	30	1.75
65	-151.5	28.30014339	2.447206229
65.25	-151.5	29.0948892	2.512237124
65.5	-151.5	30.61697347	2.396258404
65.75	-151.5	31.28515476	2.37991372
66	-151.5	32.39982366	1.987198133
66.25	-151.5	34.15774304	3.248404877
66.5	-151.5	35.18207026	2.315672121
66.75	-151.5	36.41037015	2.610689233
67	-151.5	38.51748488	1.798726567
67.25	-151.5	40.85580298	2.169433943
67.5	-151.5	40.24519695	1.876995729
67.75	-151.5	42.01409913	2.004523485
68	-151.5	41.96588241	2.446680277
68.25	-151.5	40.42850059	2.620019231
68.5	-151.5	40.73460225	2.077398722
68.75	-151.5	38.99351735	4.121280982
69	-151.5	39.10725429	2.079414939
69.25	-151.5	42.6706387	6.689818725
69.5	-151.5	37.96695731	3.133417306
69.75	-151.5	38.2487696	2.191501092
70	-151.5	35.4454203	2.366562943
70.25	-151.5	35.37683203	3.404083295
70.5	-151.5	37.031004	8.437447765
59.25	-151	44.65217977	3.81867155
59.5	-151	40.47408433	2.085182582
59.75	-151	36.95814522	2.307794465
60	-151	41.95618781	1.820542693
60.25	-151	36.01893445	4.998495086
60.5	-151	32.25296788	3.279090108
60.75	-151	32.8428426	3.038051589
61	-151	35.26509274	1.46015183
61.25	-151	36.55051101	2.462034692
61.5	-151	32.09771126	4.134212108
61.75	-151	37	1.428869017
62	-151	34.96532922	1.873895505
62.25	-151	37.46712138	5.693547413
62.5	-151	37.50699545	2.22544206
62.75	-151	35.05544057	2.1566021
63	-151	35.39692424	1.839269763
63.25	-151	33.12237575	1.878680978
63.5	-151	31.38501539	1.541254839
63.75	-151	31.89440982	1.749052618
64	-151	29.00670865	2.630606184
64.25	-151	28.04448057	2.656946182
64.5	-151	29.11111111	1.166666667
64.75	-151	29.33333333	1.428869017
65	-151	28.27229839	2.796841656
65.25	-151	29.27715909	3.639467709
65.5	-151	32.30997535	1.963314984
65.75	-151	31.38123034	2.472684734
66	-151	31.06875454	2.136251303
66.25	-151	32.66131914	3.446675907
66.5	-151	34.0749529	1.745976042
66.75	-151	35.47173687	1.870251391
67	-151	38.38093559	1.900427633
67.25	-151	41.72464729	1.802616744
67.5	-151	40.83977488	1.583879861
67.75	-151	41.35661333	1.740266908
68	-151	39.05710897	1.428795707
68.25	-151	38.45356333	2.218702653
68.5	-151	39.6027902	1.53073707
68.75	-151	37.63007676	3.983494193
69	-151	37.03966297	2.878696845
69.25	-151	36.77594633	4.313679135
69.5	-151	37.21831851	2.911007796
69.75	-151	31.93639182	3.441942383
70	-151	32.84574328	2.54674091
59.5	-150.5	36.80096516	2.121320344
59.75	-150.5	36.66457695	3.061938773
60	-150.5	41.38668849	2.093182853
60.25	-150.5	41.61155922	4.198928295
60.5	-150.5	33.31568188	3.067571674
60.75	-150.5	33.73376426	3.477223291
61	-150.5	35.1112252	1.718826941
61.25	-150.5	33.64059198	2.666267411
61.5	-150.5	33.19800427	2.700081156
61.75	-150.5	31.69807644	3.370028831
62	-150.5	36.0008969	2.555018423
62.25	-150.5	37.15359961	1.947192001
62.5	-150.5	36.28941408	1.840053581
62.75	-150.5	36.53841223	1.61629502
63	-150.5	35.94158288	1.842465282
63.25	-150.5	34.81531475	2.145498152
63.5	-150.5	32.4755579	1.738686032
63.75	-150.5	32.07684082	2.900478915
64	-150.5	27.37673387	2.959955371
64.25	-150.5	28.37667872	2.934508854
64.5	-150.5	28	1.428869017
64.75	-150.5	28	1.75
65	-150.5	28.24068936	2.338587472
65.25	-150.5	28.51093905	4.293631789
65.5	-150.5	29.0071659	4.144648019
65.75	-150.5	30.03667471	2.390677432
66	-150.5	30.72505509	2.256530264
66.25	-150.5	32.62350527	2.453863026
66.5	-150.5	33.86329858	1.936999124
66.75	-150.5	35.08812448	2.292157393
67	-150.5	39.20479122	1.778261344
67.25	-150.5	40.09950216	2.291479782
67.5	-150.5	39.05888347	1.767505246
67.75	-150.5	39.16482754	2.656871385
68	-150.5	38.28069413	1.740258903
68.25	-150.5	36.26485853	2.464212062
68.5	-150.5	37.24144439	1.774088533
68.75	-150.5	39.81341013	4.289446228
69	-150.5	35.61282205	2.259058011
69.25	-150.5	37.20902008	4.306882423
69.5	-150.5	38.47979971	3.535222521
69.75	-150.5	31.42520294	6.448421054
70	-150.5	35.52862987	3.364751161
70.5	-150.5	36.87351109	12.62707985
59.5	-150	22.21322086	3
59.75	-150	21.5064513	1
60	-150	23.32968275	1.060660172
60.25	-150	29.98971128	1.060660172
60.5	-150	31.36201561	4.433275868
60.75	-150	33.01143809	4.694752495
61	-150	34.21153068	2.426914614
61.25	-150	38.92913871	2.516730686
61.5	-150	44.72738058	2.199216447
61.75	-150	42.89277481	2.587063667
62	-150	35.210355	2.12146985
62.25	-150	33.42466315	2.466585638
62.5	-150	35.2405906	1.651548358
62.75	-150	36.41447493	1.801881767
63	-150	35.91499707	1.333501307
63.25	-150	32.52241975	2.091866769
63.5	-150	34.59169338	1.955615433
63.75	-150	33.59145171	1.640888949
64	-150	31.40210912	1.775483131
64.25	-150	27.98698489	2.784194305
64.5	-150	26.35026663	2.083333333
64.75	-150	27.58547331	2.520336188
65	-150	27.19552321	1.990441924
65.25	-150	27.58860561	2.28136474
65.5	-150	29.48023836	2.829825374
65.75	-150	29.03048525	2.770336051
66	-150	31.18562906	1.790595727
66.25	-150	32.39364311	2.075614802
66.5	-150	33.80942403	1.71031635
66.75	-150	34.11937926	1.815752103
67	-150	36.0020113	1.637644686
67.25	-150	38.61662787	1.833688623
67.5	-150	38.2081193	1.508387864
67.75	-150	37.13967408	3.078917583
68	-150	40.35297664	2.007412026
68.25	-150	38.46609766	2.308962698
68.5	-150	36.23653274	1.979683934
68.75	-150	41.51630621	3.791723455
69	-150	36.20974182	1.909497843
69.25	-150	36.78495461	3.216134101
69.5	-150	38.00824679	3.141577271
69.75	-150	33.27664177	4.319053869
70	-150	35.44820444	2.533986224
70.25	-150	35.12598826	5.472730063
70.5	-150	36.4889219	4.133771978
59.5	-149.5	22.29679202	2.121320344
59.75	-149.5	21.19211891	1.341640786
60	-149.5	16.24223978	1.060660172
60.25	-149.5	21.65788172	1.060660172
60.5	-149.5	26.80055458	1.133893419
60.75	-149.5	27.40181231	1.133893419
61	-149.5	28.14334865	1.060660172
61.25	-149.5	29.58903703	1
61.5	-149.5	28.61192158	4.000182827
61.75	-149.5	34.14531239	2.467640955
62	-149.5	35.2098325	2.214743581
62.25	-149.5	34.88445619	3.01192148
62.5	-149.5	35.97316025	2.192258961
62.75	-149.5	36.90716135	2.569743702
63	-149.5	36.68029515	1.342333871
63.25	-149.5	36.57934562	2.228371052
63.5	-149.5	34.67771949	1.825913078
63.75	-149.5	33.22774731	1.924985181
64	-149.5	29.76955278	1.811210838
64.25	-149.5	26.75232218	2.539631718
64.5	-149.5	28.17587401	2.210249947
64.75	-149.5	26.36356363	2.591049049
65	-149.5	27.5597893	2.879084515
65.25	-149.5	28.35787007	2.241509183
65.5	-149.5	30.34185471	2.120053254
65.75	-149.5	29.78087933	2.611341674
66	-149.5	30.21343727	2.248266475
66.25	-149.5	32.22428272	3.180159175
66.5	-149.5	33.48562901	2.005602282
66.75	-149.5	34.27586065	2.217286708
67	-149.5	36.54157291	1.98812214
67.25	-149.5	36.73165889	2.100550152
67.5	-149.5	37.2173449	2.038154934
67.75	-149.5	38.01430899	2.886201748
68	-149.5	40.02908643	2.117594528
68.25	-149.5	38.48896679	2.770337079
68.5	-149.5	36.15593385	2.555526938
68.75	-149.5	34.80249915	2.948884711
69	-149.5	35.15922396	1.883900606
69.25	-149.5	36.23401574	3.006101078
69.5	-149.5	31.49232081	2.727429839
69.75	-149.5	31.3161984	5.233520336
70	-149.5	39.4095004	2.717357991
70.25	-149.5	33.58423256	5.646549357
70.5	-149.5	35.45745352	3.303367605
59.75	-149	15.75805298	2.121320344
60	-149	16.15466925	1.224744871
60.25	-149	22.76079362	1.224744871
60.5	-149	25.04859289	1
60.75	-149	25.07041736	1.060660172
61	-149	26.48137881	1.133893419
61.25	-149	30.54886078	1.224744871
61.5	-149	28.39916376	1.133893419
61.75	-149	29.1006875	1.133893419
62	-149	33.80633657	4.23470733
62.25	-149	36.65807306	4.380093051
62.5	-149	35.8318595	2.108393344
62.75	-149	36.24041253	1.998996615
63	-149	37.23754719	1.381196324
63.25	-149	38.49961844	2.018151766
63.5	-149	36.65414947	1.64941228
63.75	-149	33.84480549	1.929642152
64	-149	32.50424835	1.710401291
64.25	-149	28.50276874	5.344664732
64.5	-149	28.05173132	2.047714448
64.75	-149	27.74941923	3.226758801
65	-149	27.55691939	4.099639018
65.25	-149	29.84001038	3.185463929
65.5	-149	30.04212813	2.068208293
65.75	-149	31.06083322	2.863239959
66	-149	30.65328873	2.792705773
66.25	-149	32.9674144	1.925845664
66.5	-149	32.05506458	1.894593061
66.75	-149	33.56664331	1.941555801
67	-149	36.3809568	1.538967553
67.25	-149	37.5475661	2.279827705
67.5	-149	38.00694942	2.041901509
67.75	-149	38.83628059	2.613310053
68	-149	40.04511622	1.843382339
68.25	-149	38.38569713	2.394796437
68.5	-149	37.63880059	2.024759576
68.75	-149	39.18044797	2.804946072
69	-149	38.47463815	1.743461578
69.25	-149	34.69610415	2.491026268
69.5	-149	30.67482556	2.33764199
69.75	-149	27.74313642	3.209427465
70	-149	38.87439826	3.418816822
70.25	-149	32.07746611	3.55060066
70.5	-149	34.07972432	6.483257427
60.25	-148.5	19.81080203	1.5
60.5	-148.5	19.37737975	1.133893419
60.75	-148.5	20.9692516	1.060660172
61	-148.5	21.2704499	1.060660172
61.25	-148.5	25.8152571	1.224744871
61.5	-148.5	26.36085197	1.060660172
61.75	-148.5	25.73209232	1.133893419
62	-148.5	39.97741789	4.376914243
62.25	-148.5	48.24743542	3.999419995
62.5	-148.5	36.26403036	2.101103453
62.75	-148.5	37.81828131	1.660883149
63	-148.5	37.81054862	1.696969971
63.25	-148.5	39.12272672	2.538007118
63.5	-148.5	34.36570463	1.327491765
63.75	-148.5	32.9950606	2.612645289
64	-148.5	32.16692073	1.740537083
64.25	-148.5	29.80024226	1.625
64.5	-148.5	27.19384497	2.089915706
64.75	-148.5	27.63714268	2.55436163
65	-148.5	28.32152307	2.799963141
65.25	-148.5	29.58865219	2.881367171
65.5	-148.5	30.18646028	1.79687593
65.75	-148.5	31.20670332	2.824506929
66	-148.5	29.86810116	2.068926809
66.25	-148.5	32.78828548	2.35303625
66.5	-148.5	31.33027423	3.436038179
66.75	-148.5	32.00836984	2.612547391
67	-148.5	35.52011766	1.81916519
67.25	-148.5	36.66775938	2.708917166
67.5	-148.5	38.43384285	2.245802194
67.75	-148.5	38.89295252	2.439674817
68	-148.5	41.1048152	1.806283537
68.25	-148.5	40.67760535	2.465599957
68.5	-148.5	38.64875287	2.165384514
68.75	-148.5	40.23307862	2.535085296
69	-148.5	38.91077714	2.275264972
69.25	-148.5	37.8261244	2.520685531
69.5	-148.5	32.01570385	3.292815497
69.75	-148.5	30.08012692	2.703479546
70	-148.5	39.39031095	3.075803839
70.25	-148.5	34.98191534	3.603215717
70.5	-148.5	37.52928347	2.666497501
60	-148	11.68383349	2.121320344
60.25	-148	16.13341106	1.732050808
60.5	-148	17.03370258	1.133893419
60.75	-148	19.23523774	1.224744871
61	-148	21.02140125	1
61.25	-148	25.90015049	1.341640786
61.5	-148	26.24874295	0.948683298
61.75	-148	24.29701009	1.133893419
62	-148	26.46614985	1.224744871
62.25	-148	42.66666667	1.428869017
62.5	-148	38.63687689	1.887703921
62.75	-148	38.135356	2.198578539
63	-148	37.69383336	1.61366256
63.25	-148	37.56864809	2.063738769
63.5	-148	35.23809854	1.973742208
63.75	-148	34.91778991	2.461970673
64	-148	34.36585813	2.647572576
64.25	-148	31	1.428869017
64.5	-148	28.79310455	1.922074425
64.75	-148	28.76239004	2.153457385
65	-148	28.99136511	1.929014171
65.25	-148	29.43018021	2.259100962
65.5	-148	29.82074706	1.572788263
65.75	-148	32.26900696	2.92217218
66	-148	30.85403381	1.913093644
66.25	-148	32.37680512	3.436128219
66.5	-148	32.18800297	2.389800983
66.75	-148	30.25372503	2.476939499
67	-148	34.62588278	1.79583349
67.25	-148	35.54757176	2.601671314
67.5	-148	37.21604555	1.891943737
67.75	-148	38.18039256	2.370537294
68	-148	39.3074611	1.74879013
68.25	-148	38.75245209	2.245584223
68.5	-148	38.39138647	2.001739728
68.75	-148	40.66677052	2.322514458
69	-148	37.99446139	1.94093671
69.25	-148	37.07657953	2.448197474
69.5	-148	34.09245146	3.379907115
69.75	-148	29.85730059	4.052781169
70	-148	36.97612451	2.65634667
70.25	-148	36.48156938	5.102206355
70.5	-148	38.35444471	6.075739668
59.75	-147.5	11.44674312	1.224744871
60	-147.5	11.29870869	1.224744871
60.25	-147.5	12.33778098	1.133893419
60.5	-147.5	18.83850093	1.341640786
60.75	-147.5	18.64311407	1.224744871
61	-147.5	17.0669153	1.341640786
61.25	-147.5	17.40279447	1.732050808
61.5	-147.5	27.72246649	1.341640786
61.75	-147.5	28.18306424	1.341640786
62	-147.5	29.38215571	1.133893419
62.25	-147.5	40.2105851	2.858117013
62.5	-147.5	40.99987517	2.049438883
62.75	-147.5	39.89324401	1.994772127
63	-147.5	38.38129036	1.681520429
63.25	-147.5	38.43190474	2.213744656
63.5	-147.5	37.23544507	5.10745278
63.75	-147.5	37.0610969	2.227067456
64	-147.5	35.61083646	5.530379852
64.25	-147.5	32	1.75
64.5	-147.5	29.03024944	2.415508298
64.75	-147.5	29.74746249	3.058690631
65	-147.5	30.63515877	2.336031297
65.25	-147.5	30.42010584	2.241571923
65.5	-147.5	31.7057464	2.686446405
65.75	-147.5	30.32788293	2.348085647
66	-147.5	32.15411368	2.431319862
66.25	-147.5	29	1.75
66.5	-147.5	31.04662628	2.583506924
66.75	-147.5	30.05093298	2.181977289
67	-147.5	33.56520888	2.120346923
67.25	-147.5	35.07045485	3.051751489
67.5	-147.5	35.05424532	2.058999974
67.75	-147.5	36.63443405	2.563356449
68	-147.5	38.87472832	1.991595538
68.25	-147.5	39.30774001	2.306128516
68.5	-147.5	39.43475354	1.983548673
68.75	-147.5	41.09010516	2.705697527
69	-147.5	37.95040543	2.050678893
69.25	-147.5	37.1588754	2.482698342
69.5	-147.5	34.98380935	2.972267148
69.75	-147.5	39.22636762	3.888176753
70	-147.5	36.69450027	2.843691496
59.75	-147	11.70916153	1.732050808
60	-147	11.61582451	1.341640786
60.25	-147	12.05768785	1.341640786
60.5	-147	12.38631704	1.5
60.75	-147	17.31625923	0.948683298
61	-147	16.73803091	1.133893419
61.25	-147	17.84366071	1
61.5	-147	30.82350313	1.732050808
61.75	-147	30.32076353	1.133893419
62	-147	32.7722222	1.060660172
62.25	-147	44.15022989	2.582451961
62.5	-147	41.19442633	1.702695235
62.75	-147	38.16813398	2.062121611
63	-147	37.54183956	2.122147206
63.25	-147	38.1206328	3.088556436
63.5	-147	36.27374412	4.569316379
63.75	-147	36.45310891	2.043863249
64	-147	35.97669919	2.510655069
64.25	-147	32.45706387	2.954940447
64.5	-147	30.80780155	2.247149333
64.75	-147	29.49335753	5.37740257
65	-147	30.35235221	2.286312224
65.25	-147	31.29449987	2.550993646
65.5	-147	31.86571751	2.337558124
65.75	-147	31.99452885	2.074108925
66	-147	30.38586348	2.541827827
66.25	-147	28.83333333	1.428869017
66.5	-147	29.88511085	1.81627503
66.75	-147	28.40112096	2.076569068
67	-147	33.58697762	2.701026581
67.25	-147	35.28237399	1.94345072
67.5	-147	34.32969566	1.826127891
67.75	-147	36.1904419	2.238344292
68	-147	37.77494075	1.781125105
68.25	-147	38.62048934	1.864239378
68.5	-147	40.12061101	1.871890042
68.75	-147	40.43569775	2.648016116
69	-147	38.64210843	1.751228033
69.25	-147	37.04124487	2.205974838
69.5	-147	35.36576159	3.508463661
69.75	-147	39.18130905	2.798234395
70	-147	39.34770131	3.035978338
70.25	-147	50.54442218	11.93937866
60.25	-146.5	12.13722513	1.341640786
60.5	-146.5	12.08804617	0.948683298
60.75	-146.5	18.17927462	1.732050808
61	-146.5	18.08247589	1.341640786
61.25	-146.5	19.11941561	1.133893419
61.5	-146.5	24.4624987	1.732050808
61.75	-146.5	30.61198363	0.948683298
62	-146.5	33.68918158	1.224744871
62.25	-146.5	45.12979147	2.27784492
62.5	-146.5	40.10994399	2.165327748
62.75	-146.5	39.55701598	2.593698478
63	-146.5	38.75711135	1.663953838
63.25	-146.5	37.85529235	2.718151433
63.5	-146.5	37.75465975	4.514643784
63.75	-146.5	36.00507431	2.051011649
64	-146.5	32.71333825	1.811297591
64.25	-146.5	30.79053694	4.040492244
64.5	-146.5	32.38969286	1.923984166
64.75	-146.5	32.59773128	3.233781496
65	-146.5	29.7721451	2.681944189
65.25	-146.5	33.24183381	3.458854814
65.5	-146.5	33.5	1.428869017
65.75	-146.5	34.2402607	2.780807999
66	-146.5	30.66666667	1.428869017
66.25	-146.5	27.60307626	7.666691114
66.5	-146.5	29.60654264	2.829085535
66.75	-146.5	28.20441559	2.11963674
67	-146.5	32.92227755	2.345727934
67.25	-146.5	34.21686528	2.310000101
67.5	-146.5	33.74015304	2.170928626
67.75	-146.5	35.30941842	2.598487823
68	-146.5	36.33467814	2.123652988
68.25	-146.5	37.57401524	2.427496551
68.5	-146.5	39.91906064	1.675009803
68.75	-146.5	39.65867533	2.660790248
69	-146.5	39.62911028	1.712457136
69.25	-146.5	36.31113001	2.52832362
69.5	-146.5	39.22748766	3.03366087
69.75	-146.5	40.08749913	3.553754057
70	-146.5	41.07035251	2.820000849
70.25	-146.5	45.05678765	5.915289421
60.25	-146	11.96006857	1.5
60.5	-146	11.44409054	1.133893419
60.75	-146	14.23031667	1.133893419
61	-146	17.29095774	1.224744871
61.25	-146	17.37323632	1.5
61.5	-146	24.32992963	1.060660172
61.75	-146	25.18363106	1.732050808
62	-146	39.39773752	2.383226249
62.25	-146	45.19765029	1.871718071
62.5	-146	39.54715919	1.7755176
62.75	-146	38.57008211	2.010026862
63	-146	40.35576681	1.377567684
63.25	-146	39.30370188	1.941463653
63.5	-146	38.03016229	2.308111206
63.75	-146	35.24978644	1.843008198
64	-146	32.40354598	2.426440053
64.25	-146	31.41087802	1.580459912
64.5	-146	33.09199903	2.279945609
64.75	-146	33.18095698	2.294782413
65	-146	35.11111111	1.166666667
65.25	-146	34.83333333	1.428869017
65.5	-146	35.09019927	2.175229632
65.75	-146	31.89631735	3.14571615
66	-146	34.96728133	3.287704696
66.25	-146	32.32860474	2.557719272
66.5	-146	27.28460055	2.486863749
66.75	-146	28.33333333	1.428869017
67	-146	32.95940113	4.154218678
67.25	-146	34.40749058	2.556500012
67.5	-146	34.32304764	2.154995044
67.75	-146	35.17748107	2.318689104
68	-146	35.39117137	2.026791342
68.25	-146	37.18686416	2.088525574
68.5	-146	38.54958056	2.173542453
68.75	-146	40.86320581	2.24059137
69	-146	41.33762752	1.79870668
69.25	-146	39.96926931	3.900419877
69.5	-146	41.53875945	3.216464658
69.75	-146	45.12471108	2.584343629
70	-146	41.63293419	2.829537975
70.25	-146	45.25186483	7.079270111
60.25	-145.5	11.54699563	1.732050808
60.5	-145.5	11.3735618	1.060660172
60.75	-145.5	11.45821452	1.224744871
61	-145.5	18.41157394	1.060660172
61.25	-145.5	21.10018914	1.060660172
61.5	-145.5	26.66787881	1.060660172
61.75	-145.5	41.66742272	2.834580297
62	-145.5	43.9655554	1.803898509
62.25	-145.5	43.62533636	2.141028976
62.5	-145.5	39.71356512	1.725648461
62.75	-145.5	39.22410768	2.318232223
63	-145.5	40.79226103	1.793181482
63.25	-145.5	40.40618944	3.048280723
63.5	-145.5	39.57561224	6.428532386
63.75	-145.5	33.44935015	2.053747437
64	-145.5	31.76179067	1.565089651
64.25	-145.5	32.44980829	3.511074916
64.5	-145.5	33.49313279	2.053650753
64.75	-145.5	33.79846723	2.156932456
65	-145.5	34.27560751	5.184053376
65.25	-145.5	34.5	1.75
65.5	-145.5	33.86682646	2.237974147
65.75	-145.5	34.86987777	4.004789177
66	-145.5	36.90623803	2.943681424
66.25	-145.5	30.19318413	2.654128812
66.5	-145.5	24.90047234	6.018418545
66.75	-145.5	26.47624673	3.764617716
67	-145.5	30.32090218	5.735484206
67.25	-145.5	35.15168518	3.093674076
67.5	-145.5	34.11331129	1.930634539
67.75	-145.5	34.24613472	3.150500484
68	-145.5	35.93410657	2.23079494
68.25	-145.5	38.74014906	2.647813971
68.5	-145.5	42.59516622	2.366659724
68.75	-145.5	44.0016818	3.175626598
69	-145.5	45.50542062	3.30060564
69.25	-145.5	44.18459266	2.492703781
69.5	-145.5	41.771069	1.964061786
69.75	-145.5	35.9799928	3.614533062
70	-145.5	38.76425512	3.83199305
59.75	-145	8.534539988	2.121320344
60	-145	8.611760876	2.121320344
60.25	-145	12.50299077	1.224744871
60.5	-145	12.87082679	1.133893419
60.75	-145	16.20518207	1.341640786
61	-145	19.65681425	1.133893419
61.25	-145	25.18859446	1.133893419
61.5	-145	38.35097291	3.092636431
61.75	-145	43.36646798	2.163192157
62	-145	42.73012618	1.586623536
62.25	-145	39.86262589	1.744077947
62.5	-145	38.21237925	1.698007175
62.75	-145	38.92687175	1.977813385
63	-145	40.8996919	1.581695623
63.25	-145	40.13272314	2.269955517
63.5	-145	35.1958215	1.871743081
63.75	-145	32.96885534	1.981252041
64	-145	32.40790065	1.79688456
64.25	-145	31.97977499	3.875152157
64.5	-145	34.62935561	1.884056056
64.75	-145	34.15117882	2.175536197
65	-145	36.22117627	1.891476449
65.25	-145	34.51653245	3.210572285
65.5	-145	33.79729792	1.934742688
65.75	-145	35.70597483	2.370982763
66	-145	31	1.166666667
66.25	-145	29.33380651	4.918320945
66.5	-145	28.22222222	1.166666667
66.75	-145	26.3234406	5.459325672
67	-145	29.22222222	1.166666667
67.25	-145	34.49571	2.374921449
67.5	-145	33.51524228	1.881597089
67.75	-145	32.93520068	2.458229236
68	-145	36.75626731	1.67486854
68.25	-145	38.4152558	2.329059437
68.5	-145	42.89409378	2.865907529
68.75	-145	48.16666667	1.428869017
69	-145	47.56376916	2.18162391
69.25	-145	48.77209054	2.123074677
69.5	-145	44.26892544	1.817407893
69.75	-145	41.41128175	2.6043914
70	-145	39.92154767	2.274826387
59.75	-144.5	8.139693124	1.224744871
60	-144.5	8.098844427	1.224744871
60.25	-144.5	11.53276689	1
60.5	-144.5	11.96948891	1.224744871
60.75	-144.5	16.63436584	1.224744871
61	-144.5	18.86976487	1.060660172
61.25	-144.5	20.80653016	2.121320344
61.5	-144.5	44.9831043	3.640108295
61.75	-144.5	45.66611301	2.907972096
62	-144.5	43.65884833	1.891655107
62.25	-144.5	37.60111379	1.881956867
62.5	-144.5	36.51604689	1.651819624
62.75	-144.5	36.60288156	2.425065599
63	-144.5	38.78990525	1.593002185
63.25	-144.5	37.50549555	2.34222801
63.5	-144.5	33.2234492	1.657499124
63.75	-144.5	32.10872271	2.011555133
64	-144.5	33.03218751	1.734243403
64.25	-144.5	33.46310631	2.101636109
64.5	-144.5	35.68263101	1.927858253
64.75	-144.5	34.36424543	2.401644671
65	-144.5	35.87031829	2.074657787
65.25	-144.5	33.44242906	3.765218949
65.5	-144.5	33.66666667	1.428869017
65.75	-144.5	35.22168025	2.476546279
66	-144.5	33.23585098	1.97499559
66.25	-144.5	30.73552349	6.75175474
66.5	-144.5	26.11728882	4.588311486
66.75	-144.5	27.75	1.75
67	-144.5	30.85247631	2.648121763
67.25	-144.5	32.28913262	2.684616988
67.5	-144.5	32.44210222	2.539459375
67.75	-144.5	34.71840248	2.457449894
68	-144.5	36.92485105	2.069266656
68.25	-144.5	37.15386999	2.654259251
68.5	-144.5	39.84068463	3.38220833
68.75	-144.5	46	1.75
69	-144.5	47.38445012	3.380230732
69.25	-144.5	51.15627572	2.134210899
69.5	-144.5	45.41056669	1.949404792
69.75	-144.5	42.62177076	2.889427022
70	-144.5	34.79484372	2.508624437
70.25	-144.5	36.50569591	6.088112591
59.75	-144	8.55847227	1.5
60	-144	8.253426084	1.224744871
60.25	-144	11.80471341	1
60.5	-144	11.99405234	1.224744871
61	-144	19.66455185	1.5
61.25	-144	41.92499137	3.25
61.5	-144	44.432824	1.989516738
61.75	-144	45.76933132	2.317862872
62	-144	40.39737596	1.700953902
62.25	-144	40.20385162	1.851806638
62.5	-144	37.35470809	1.45054637
62.75	-144	38.2479833	2.313388107
63	-144	36.74188377	1.387191318
63.25	-144	34.2090088	1.820617246
63.5	-144	31.62324843	1.68616707
63.75	-144	32.18020063	2.034078054
64	-144	32.44633227	1.415621086
64.25	-144	33.56420757	2.019351707
64.5	-144	34.2945461	1.874115012
64.75	-144	33.91417519	2.231510483
65	-144	35.23112018	2.658713132
65.25	-144	34.99199453	2.906997135
65.5	-144	33.62249277	1.808031412
65.75	-144	34.19205651	2.394294219
66	-144	33.43919345	3.292041621
66.25	-144	30.5	1.428869017
66.5	-144	29.66666667	1.166666667
66.75	-144	30.04457324	2.441805241
67	-144	31.07322698	1.951204866
67.25	-144	32.0723251	2.63064088
67.5	-144	33.40537763	2.21087691
67.75	-144	33.46167821	2.53775837
68	-144	35.21835482	3.139337523
68.25	-144	35.69068905	2.122150891
68.5	-144	37.94596654	2.457915515
68.75	-144	42.33333333	1.428869017
69	-144	43.1397164	2.896540125
69.25	-144	46.41035036	2.082943288
69.5	-144	46.17999373	1.817802916
69.75	-144	38.83365509	3.132456713
70	-144	34.97207371	2.603812707
59.75	-143.5	8.577150127	3
60	-143.5	7.828662574	1
60.25	-143.5	10.17408249	1.224744871
60.5	-143.5	11.64948181	1
60.75	-143.5	14.58009794	1.341640786
61	-143.5	27.41690651	1.341640786
61.25	-143.5	38.03900518	3.420432053
61.5	-143.5	46.97165893	2.813145468
61.75	-143.5	44.46160542	2.960173806
62	-143.5	40.89814939	2.316807611
62.25	-143.5	41.71466929	1.908614862
62.5	-143.5	37.84108417	1.700365679
62.75	-143.5	36.72151613	2.036748811
63	-143.5	34.47305839	1.621897915
63.25	-143.5	33.09742328	2.00484691
63.5	-143.5	31.3067131	1.65431717
63.75	-143.5	32.52760716	1.805930009
64	-143.5	33.14343595	1.748506457
64.25	-143.5	33.49612386	2.547076649
64.5	-143.5	34.33468144	1.899671863
64.75	-143.5	34.85995406	2.305467287
65	-143.5	34.85245395	4.010819918
65.25	-143.5	35.33201204	2.370216501
65.5	-143.5	36.77892123	2.311478571
65.75	-143.5	34.69730306	2.471515291
66	-143.5	34.61037156	2.096130623
66.25	-143.5	32.75984844	3.281006922
66.5	-143.5	33.33213648	3.647582692
66.75	-143.5	30.98514169	2.34590655
67	-143.5	29.66920729	2.448256158
67.25	-143.5	33.1793547	2.827818272
67.5	-143.5	33.83426509	2.043328401
67.75	-143.5	31.57342204	2.785491571
68	-143.5	33.91294479	2.665171847
68.25	-143.5	33.40920442	2.683434618
68.5	-143.5	35.5	1.428869017
68.75	-143.5	38.75	1.75
69	-143.5	41.52550155	2.254999418
69.25	-143.5	47.01330729	2.371181604
69.5	-143.5	48.2875414	2.066224974
69.75	-143.5	46.45578347	2.778739085
70	-143.5	36.28771824	2.141812121
60	-143	8.572875107	1.133893419
60.25	-143	10.15453139	1.060660172
60.5	-143	13.63435836	1.133893419
60.75	-143	17.03974704	1.060660172
61	-143	39.02362375	5.141350095
61.25	-143	47.40592183	3.211875423
61.5	-143	47.83450817	2.512519355
61.75	-143	48.81133564	2.947865769
62	-143	45.03358061	2.007922712
62.25	-143	41.59943224	1.778764694
62.5	-143	38.28025937	1.546436896
62.75	-143	36.637994	1.812046201
63	-143	33.7895227	1.389192914
63.25	-143	32.85504627	2.073425817
63.5	-143	31.70999226	1.842107484
63.75	-143	33.58716799	1.932411493
64	-143	33.89626057	2.036624327
64.25	-143	33.75655363	2.237365239
64.5	-143	34.48121047	1.754652829
64.75	-143	35.63113759	2.002980971
65	-143	35.21628548	1.979125319
65.25	-143	33.76793414	2.461697128
65.5	-143	35.93773864	1.957361846
65.75	-143	33.50674241	2.519603328
66	-143	33.11111111	1.166666667
66.25	-143	33.12057058	2.410160738
66.5	-143	34.86014671	2.818954125
66.75	-143	31.4113398	1.87726416
67	-143	29.72699367	2.912472151
67.25	-143	36.03610239	2.153932056
67.5	-143	34.05024529	2.111797068
67.75	-143	32.257009	3.662429754
68	-143	34.67950459	2.052809234
68.25	-143	32.10828455	3.037940252
68.5	-143	33.88888889	1.166666667
68.75	-143	35.22193015	5.504687538
69	-143	40.49677581	2.157243142
69.25	-143	43.41019546	3.354330757
69.5	-143	43.42701217	2.259301723
69.75	-143	44.02066005	2.105816218
70	-143	45.3585936	2.061843968
60	-142.5	10.21075711	0.904534034
60.25	-142.5	11.05904482	1.224744871
60.5	-142.5	15.93227964	1.060660172
60.75	-142.5	20.56762461	1.224744871
61	-142.5	39.38008674	2.649967457
61.25	-142.5	43.8385454	3.401613493
61.5	-142.5	47.12981355	2.427613243
61.75	-142.5	43.6363774	3.238409652
62	-142.5	42.29680072	2.271046322
62.25	-142.5	39.85346176	2.061665096
62.5	-142.5	37.64752545	1.666787209
62.75	-142.5	36.89846942	2.086240143
63	-142.5	33.13115711	1.707762451
63.25	-142.5	32.06019715	2.537908175
63.5	-142.5	32.31090148	2.241428236
63.75	-142.5	34.27916034	2.486927104
64	-142.5	33.07499603	2.202465833
64.25	-142.5	32.01508068	2.431584366
64.5	-142.5	35.42767827	1.717153937
64.75	-142.5	34.68992851	2.341114548
65	-142.5	33.96587732	2.26596889
65.25	-142.5	33.48892059	2.216365145
65.5	-142.5	35.73882739	1.867106101
65.75	-142.5	33.89487607	3.196002218
66	-142.5	35.1680416	2.169704142
66.25	-142.5	32.51970837	2.260715969
66.5	-142.5	35.38481141	1.770617799
66.75	-142.5	32.28377032	2.076625796
67	-142.5	31.58500008	2.227371793
67.25	-142.5	36.19460619	2.766131768
67.5	-142.5	34.39088159	2.515257396
67.75	-142.5	31.75	1.75
68	-142.5	35.08288848	2.564905427
68.25	-142.5	31.77480065	2.476001465
68.5	-142.5	35.30218122	3.940169001
68.75	-142.5	34.5390804	2.58615808
69	-142.5	37.90939144	2.409128506
69.25	-142.5	45.46333394	2.398797343
69.5	-142.5	39.9184216	2.909719131
69.75	-142.5	42.32973109	3.32586515
70	-142.5	42.33531989	6.376255984
60	-142	12.15086821	1.224744871
60.25	-142	14.00272857	1
60.5	-142	17.69946974	1.341640786
60.75	-142	20.96280151	1.224744871
61	-142	49.28653488	1.828795605
61.25	-142	51.80334111	3.126460447
61.5	-142	49.36791981	2.184083323
61.75	-142	51.92130932	2.597015611
62	-142	41.98878676	1.842470786
62.25	-142	37.93832265	2.069370024
62.5	-142	36.34180939	1.811456487
62.75	-142	34.55785957	1.974089687
63	-142	32.34934904	1.662963324
63.25	-142	32.26934684	2.516864045
63.5	-142	34.77777778	1.166666667
63.75	-142	35.36300706	2.688032264
64	-142	33.23584161	1.711172003
64.25	-142	34.04706568	2.533544588
64.5	-142	36.35836221	1.563043476
64.75	-142	34.4666583	2.076160309
65	-142	33.08517354	1.737920885
65.25	-142	34.50320609	2.269103617
65.5	-142	36.09987408	2.289527487
65.75	-142	33.75749968	2.199272298
66	-142	37.8535909	2.64774211
66.25	-142	31.90216156	1.907525279
66.5	-142	34.38840445	1.783120076
66.75	-142	32.69489688	2.75350751
67	-142	32.90772588	1.648423751
67.25	-142	34.32145572	3.534588594
67.5	-142	32.77777778	1.166666667
67.75	-142	32.5	1.428869017
68	-142	35.31741914	2.113439458
68.25	-142	33.91629977	2.247042586
68.5	-142	36.12812001	1.73427235
68.75	-142	34.7739942	3.034871414
69	-142	42.40769811	2.831550349
69.25	-142	40.98229562	3.037228737
69.5	-142	40.02336812	3.550069664
69.75	-142	38.35398105	3.080757811
60	-141.5	14.21575729	1.732050808
60.25	-141.5	15.80751249	1.224744871
60.5	-141.5	17.47280583	1
60.75	-141.5	35.75434113	3.555797022
61	-141.5	46.59330854	1.655654079
61.25	-141.5	49.75542781	2.434176765
61.5	-141.5	45.32726885	3.214422338
61.75	-141.5	44.03173414	2.291702615
62	-141.5	41.08542502	1.982350029
62.25	-141.5	36.3837687	2.224648497
62.5	-141.5	35.91158188	1.537443834
62.75	-141.5	33.22997991	2.830830735
63	-141.5	31.16437726	1.603791074
63.25	-141.5	33.56577496	2.505621684
63.5	-141.5	36.69434968	3.376000587
63.75	-141.5	36.46719679	2.370606262
64	-141.5	34.81995248	1.798869307
64.25	-141.5	36.92061384	4.105081465
64.5	-141.5	35.82002764	1.871592412
64.75	-141.5	34.15503987	2.117260227
65	-141.5	34.18800074	1.803041967
65.25	-141.5	35.70697158	3.263090668
65.5	-141.5	37.98874363	1.840763833
65.75	-141.5	37.93828862	2.429628254
66	-141.5	35.36147594	2.257626232
66.25	-141.5	34.66651503	2.278451187
66.5	-141.5	32.91982141	1.788737155
66.75	-141.5	34.00618617	2.604245207
67	-141.5	33.75050429	1.862935532
67.25	-141.5	32	1.75
67.5	-141.5	31.5	1.428869017
67.75	-141.5	31	1.75
68	-141.5	34.32953347	2.219582143
68.25	-141.5	35.61987254	2.610785362
68.5	-141.5	36.60305056	1.913677875
68.75	-141.5	36.41767702	4.558861723
69	-141.5	36.92873008	1.9963503
69.25	-141.5	44.75352272	2.603951932
69.5	-141.5	37.99673484	2.459439361
69.75	-141.5	38.96355612	3.696149373
60	-141	9.628959495	1.133893419
60.25	-141	13.21751057	1.060660172
60.5	-141	30.71504716	3.989033681
60.75	-141	43.32799977	2.457320564
61	-141	42.4662901	1.585042871
61.25	-141	43.06940319	3.081674676
61.5	-141	40.55574517	4.125302033
61.75	-141	40.54236923	2.16767596
62	-141	40.40185297	1.654349095
62.25	-141	35.15267355	2.429150015
62.5	-141	34.0688034	2.168179027
62.75	-141	31.41844271	2.398662242
63	-141	32.59905386	2.060157289
63.25	-141	33.0163379	2.282623792
63.5	-141	37.45491847	1.954196601
63.75	-141	35.61898924	2.147874634
64	-141	37.27284766	1.855094788
64.25	-141	39.89558725	6.473232886
64.5	-141	35.44962624	1.988200116
64.75	-141	34.63277152	2.300051561
65	-141	35.65967677	1.594606517
65.25	-141	38.10432773	2.719630217
65.5	-141	36.48774112	1.704656935
65.75	-141	37.49864515	2.279924198
66	-141	35.76252595	2.072221485
66.25	-141	34.16959089	2.039255722
66.5	-141	35.26398662	1.929255871
66.75	-141	31.61547915	2.295788735
67	-141	35.62039522	2.026162697
67.25	-141	32.16666667	1.428869017
67.5	-141	31.88888889	1.166666667
67.75	-141	34.50168824	4.739118474
68	-141	33.53854009	2.010850572
68.25	-141	32.89456574	4.007765811
68.5	-141	35.0725523	2.287224474
68.75	-141	35.96464481	3.128703519
69	-141	35.45829717	1.89536004
69.25	-141	47.38647606	2.484125929
69.5	-141	36.64974165	2.673158329
60	-140.5	9.0373426	1.133893419
60.25	-140.5	9.787375784	1.224744871
60.5	-140.5	34.2570798	2.430577472
60.75	-140.5	41.77008397	2.542870582
61	-140.5	46.18978578	2.005017733
61.25	-140.5	45.25706546	2.751825948
61.5	-140.5	41.41312883	2.260330062
61.75	-140.5	41.09052162	2.500080129
62	-140.5	40.89924965	2.102282144
62.25	-140.5	36.53353855	2.889351552
62.5	-140.5	34.57298313	2.388720485
62.75	-140.5	31.14460537	5.589453952
63	-140.5	39.89819654	3.073376071
63.5	-140.5	35.94075842	3.077789623
63.75	-140.5	34.92732492	3.558702174
64	-140.5	40.8073707	2.281339309
64.5	-140.5	35.23463071	2.313918269
64.75	-140.5	35.04204115	2.248440953
65	-140.5	36.63125305	2.232917532
65.25	-140.5	36.45391741	2.602331042
65.5	-140.5	36.13329837	2.143330746
65.75	-140.5	38.10246479	2.273383667
66	-140.5	36.01691489	1.858663295
66.25	-140.5	34.60154414	3.172520242
66.5	-140.5	38.37365899	1.856492585
66.75	-140.5	32.08111422	4.716934476
67	-140.5	38.5643836	1.982342583
67.25	-140.5	33	1.75
67.5	-140.5	32.33333333	1.428869017
67.75	-140.5	31	1.75
68	-140.5	34.43450726	2.400803856
68.25	-140.5	32.77402695	3.011354869
68.5	-140.5	39.49159735	2.396845877
68.75	-140.5	40.41055845	2.563660274
69	-140.5	36.20661261	1.940772227
69.25	-140.5	36.32612491	3.406101552
69.5	-140.5	34.79957187	2.858175162
60	-140	7.630883633	1.224744871
60.25	-140	22.17747382	1.987436867
60.5	-140	42.20813595	2.021787145
60.75	-140	41.9564235	2.801920906
61	-140	45.62990105	2.168291703
61.25	-140	46.54866987	3.466467048
61.5	-140	42.62161519	2.334584479
61.75	-140	40.24380351	3.373929664
62	-140	40.3300787	1.449358737
62.25	-140	36.60246002	4.555407829
62.5	-140	34.64406416	3.964608112
63	-140	42.55021084	2.715994974
63.5	-140	36.03099476	9.015666677
63.75	-140	36.94851483	9.64345487
64	-140	42.59052271	2.95395503
64.25	-140	35.57242961	4.44960108
64.5	-140	35.43283837	2.586837625
64.75	-140	36.15805782	2.083524743
65	-140	38.62523949	2.780901921
65.25	-140	35.73131779	5.073662928
65.5	-140	37.0589405	2.721349758
65.75	-140	36.48962114	3.298616806
66	-140	36.53561805	2.50480936
66.25	-140	35.81443365	3.523000305
66.5	-140	40.71140705	2.263111658
66.75	-140	35.68100838	7.701952649
67	-140	40.14896961	3.486302507
67.25	-140	39.82213237	2.846660398
67.5	-140	33.22222222	1.166666667
67.75	-140	32.66666667	1.428869017
68	-140	35.62634709	3.194832423
68.25	-140	33.16666667	1.428869017
68.5	-140	40.81986795	3.621719074
68.75	-140	43.73378981	3.388020508
69	-140	38.28967654	3.513985468
69.25	-140	45.24132775	2.71414433
60.25	-139.5	38	2.474873734
60.5	-139.5	38.33333333	1.428869017
60.75	-139.5	38.25	1.75
61	-139.5	39.33333333	1.428869017
61.25	-139.5	39.75	1.75
61.5	-139.5	39	1.428869017
61.75	-139.5	39.75	1.75
62	-139.5	37.33333333	1.428869017
62.25	-139.5	34.5	1.75
62.5	-139.5	30.5	1.75
62.75	-139.5	29.66666667	2.020725942
63	-139.5	30	3.5
64.25	-139.5	36.66666667	2.020725942
64.5	-139.5	37	1.428869017
64.75	-139.5	37	1.75
65	-139.5	37.33333333	1.428869017
65.25	-139.5	36.75	1.75
65.5	-139.5	35.33333333	1.428869017
65.75	-139.5	35	1.75
66	-139.5	35.33333333	1.428869017
66.25	-139.5	36	1.75
66.5	-139.5	35.33333333	1.428869017
66.75	-139.5	35.75	1.75
67	-139.5	36.83333333	1.428869017
67.25	-139.5	35.5	1.75
67.5	-139.5	36.66666667	2.020725942
68	-139.5	34	2.474873734
68.25	-139.5	33.5	1.75
68.5	-139.5	35.33333333	1.428869017
68.75	-139.5	41.33333333	2.020725942
69	-139.5	36	3.5
69.25	-139.5	56	3.5
69.5	-139.5	54	3.5
60.25	-139	39.66666667	2.020725942
60.5	-139	40.77777778	1.166666667
60.75	-139	40.5	1.428869017
61	-139	39.33333333	1.166666667
61.25	-139	38.33333333	1.428869017
61.5	-139	38.55555556	1.166666667
61.75	-139	37.83333333	1.428869017
62	-139	36.88888889	1.166666667
62.25	-139	34.66666667	1.428869017
62.5	-139	31.11111111	1.166666667
62.75	-139	30	1.428869017
63	-139	30	1.237436867
63.25	-139	30.75	1.75
63.5	-139	32.33333333	1.428869017
63.75	-139	34.2	1.565247584
64	-139	37	1.237436867
64.25	-139	38.16666667	1.428869017
64.5	-139	37.66666667	1.166666667
64.75	-139	37.83333333	1.428869017
65	-139	37.66666667	1.166666667
65.25	-139	37	1.428869017
65.5	-139	35.33333333	1.166666667
65.75	-139	35	1.428869017
66	-139	35	1.166666667
66.25	-139	35	1.428869017
66.5	-139	35.77777778	1.166666667
66.75	-139	36.33333333	1.428869017
67	-139	37.66666667	1.166666667
67.25	-139	37.33333333	1.428869017
67.5	-139	37.625	1.237436867
68	-139	38	2.020725942
68.25	-139	37.33333333	1.428869017
68.5	-139	37.33333333	1.166666667
69	-139	38	2.020725942
69.25	-139	48.66666667	2.020725942
69.5	-139	51	3.5
60.25	-138.5	40	2.474873734
60.5	-138.5	41	1.428869017
60.75	-138.5	41.75	1.75
61	-138.5	41.33333333	1.428869017
61.25	-138.5	38.75	1.75
61.5	-138.5	37.83333333	1.428869017
61.75	-138.5	35.75	1.75
62	-138.5	35	1.428869017
62.25	-138.5	34	1.75
62.5	-138.5	32	1.428869017
62.75	-138.5	30.75	1.75
63	-138.5	29.83333333	1.428869017
63.25	-138.5	30.75	1.75
63.5	-138.5	32.33333333	1.428869017
63.75	-138.5	34.5	1.75
64	-138.5	37.83333333	1.428869017
64.25	-138.5	39.25	1.75
64.5	-138.5	38.83333333	1.428869017
64.75	-138.5	38.5	1.75
65	-138.5	38.66666667	1.428869017
65.25	-138.5	37.5	1.75
65.5	-138.5	36	1.428869017
65.75	-138.5	35.25	1.75
66	-138.5	35	1.428869017
66.25	-138.5	35.25	1.75
66.5	-138.5	35.5	1.428869017
66.75	-138.5	36.25	1.75
67	-138.5	37.83333333	1.428869017
67.25	-138.5	37.25	1.75
67.5	-138.5	37.16666667	1.428869017
67.75	-138.5	37	1.75
68	-138.5	38	1.565247584
68.25	-138.5	40.5	1.75
68.5	-138.5	40.33333333	1.428869017
68.75	-138.5	45.33333333	2.020725942
60.25	-138	39.66666667	2.020725942
60.5	-138	40.66666667	1.166666667
60.75	-138	42.83333333	1.428869017
61	-138	42.77777778	1.166666667
61.25	-138	40.66666667	1.428869017
61.5	-138	36	1.166666667
61.75	-138	33.83333333	1.428869017
62	-138	32.55555556	1.166666667
62.25	-138	31.5	1.428869017
62.5	-138	31.66666667	1.166666667
62.75	-138	31	1.428869017
63	-138	31.88888889	1.166666667
63.25	-138	33	1.428869017
63.5	-138	33.22222222	1.166666667
63.75	-138	34.83333333	1.428869017
64	-138	37.88888889	1.166666667
64.25	-138	39.16666667	1.428869017
64.5	-138	39.11111111	1.166666667
64.75	-138	39.83333333	1.428869017
65	-138	39.55555556	1.166666667
65.25	-138	38.5	1.428869017
65.5	-138	36.66666667	1.166666667
65.75	-138	35	1.428869017
66	-138	34	1.166666667
66.25	-138	34.33333333	1.428869017
66.5	-138	34	1.166666667
66.75	-138	35	1.428869017
67	-138	35	1.166666667
67.25	-138	35	1.428869017
67.5	-138	36.77777778	1.166666667
67.75	-138	39.33333333	1.428869017
68	-138	40.88888889	1.166666667
68.25	-138	42.5	1.428869017
68.5	-138	43.44444444	1.166666667
68.75	-138	47.83333333	1.428869017
69	-138	49.25	1.75
60.25	-137.5	39	2.474873734
60.5	-137.5	40.83333333	1.428869017
60.75	-137.5	42.75	1.75
61	-137.5	43	1.428869017
61.25	-137.5	39.5	1.75
61.5	-137.5	35.33333333	1.428869017
61.75	-137.5	32.5	1.75
62	-137.5	32	1.428869017
62.25	-137.5	31.75	1.75
62.5	-137.5	32	1.428869017
62.75	-137.5	32.5	1.75
63	-137.5	34.33333333	1.428869017
63.25	-137.5	35	1.75
63.5	-137.5	34.5	1.428869017
63.75	-137.5	36	1.75
64	-137.5	37.33333333	1.428869017
64.25	-137.5	38.5	1.75
64.5	-137.5	40.33333333	1.428869017
64.75	-137.5	41.5	1.75
65	-137.5	41	1.428869017
65.25	-137.5	39.75	1.75
65.5	-137.5	37.16666667	1.428869017
65.75	-137.5	35.5	1.75
66	-137.5	33.66666667	1.428869017
66.25	-137.5	33	1.75
66.5	-137.5	32.83333333	1.428869017
66.75	-137.5	32.75	1.75
67	-137.5	32.83333333	1.428869017
67.25	-137.5	34	1.75
67.5	-137.5	36.66666667	1.428869017
67.75	-137.5	40.5	1.75
68	-137.5	42.33333333	1.428869017
68.25	-137.5	44	1.75
68.5	-137.5	44	1.428869017
68.75	-137.5	48.5	1.75
69	-137.5	54.75	1.75
60.25	-137	38	2.020725942
60.5	-137	38.88888889	1.166666667
60.75	-137	40	1.428869017
61	-137	39.66666667	1.166666667
61.25	-137	37.83333333	1.428869017
61.5	-137	34.66666667	1.166666667
61.75	-137	32.33333333	1.428869017
62	-137	32.33333333	1.166666667
62.25	-137	33	1.428869017
62.5	-137	33.66666667	1.166666667
62.75	-137	35	1.428869017
63	-137	35.55555556	1.166666667
63.25	-137	35	1.428869017
63.5	-137	34.22222222	1.166666667
63.75	-137	35.16666667	1.428869017
64	-137	36.66666667	1.166666667
64.25	-137	37.83333333	1.428869017
64.5	-137	40.44444444	1.166666667
64.75	-137	42	1.428869017
65	-137	41.44444444	1.166666667
65.25	-137	40	1.428869017
65.5	-137	37.11111111	1.166666667
65.75	-137	35.5	1.428869017
66	-137	34	1.166666667
66.25	-137	33	1.428869017
66.5	-137	33.11111111	1.166666667
66.75	-137	33.5	1.428869017
67	-137	32.88888889	1.166666667
67.25	-137	34.5	1.428869017
67.5	-137	36.44444444	1.166666667
67.75	-137	40.66666667	1.428869017
68	-137	42.11111111	1.166666667
68.25	-137	43.66666667	1.428869017
68.5	-137	42.88888889	1.166666667
68.75	-137	50.4	1.565247584
60.25	-136.5	35	2.474873734
60.5	-136.5	36	1.428869017
60.75	-136.5	36.5	1.75
61	-136.5	37	1.428869017
61.25	-136.5	36.75	1.75
61.5	-136.5	35	1.428869017
61.75	-136.5	34.25	1.75
62	-136.5	34.5	1.428869017
62.25	-136.5	35.5	1.75
62.5	-136.5	36.5	1.428869017
62.75	-136.5	36.25	1.75
63	-136.5	35.5	1.428869017
63.25	-136.5	35.75	1.75
63.5	-136.5	35.2	1.565247584
63.75	-136.5	34.5	2.474873734
64	-136.5	35.33333333	2.020725942
64.25	-136.5	35.5	1.75
64.5	-136.5	38.33333333	1.428869017
64.75	-136.5	41.25	1.75
65	-136.5	41.16666667	1.428869017
65.25	-136.5	39.5	1.75
65.5	-136.5	36.33333333	1.428869017
65.75	-136.5	35	1.75
66	-136.5	34	1.428869017
66.25	-136.5	33.75	1.75
66.5	-136.5	34.5	1.428869017
66.75	-136.5	35.25	1.75
67	-136.5	34	1.428869017
67.25	-136.5	34.75	1.75
67.5	-136.5	38.83333333	1.428869017
67.75	-136.5	41.5	1.75
68	-136.5	41	1.428869017
68.25	-136.5	42	1.75
68.5	-136.5	41.4	1.565247584
60.25	-136	35	2.020725942
60.5	-136	33	1.166666667
60.75	-136	32.5	1.428869017
61	-136	35.44444444	1.166666667
61.25	-136	35	1.428869017
61.5	-136	35	1.166666667
61.75	-136	37.16666667	1.428869017
62	-136	37	1.166666667
62.25	-136	37.5	1.428869017
62.5	-136	37.33333333	1.166666667
62.75	-136	37.66666667	1.428869017
63	-136	36.33333333	1.428869017
64.25	-136	34.66666667	2.020725942
64.5	-136	36.66666667	1.166666667
64.75	-136	40.5	1.428869017
65	-136	40	1.166666667
65.25	-136	37.83333333	1.428869017
65.5	-136	34.66666667	1.166666667
65.75	-136	33.66666667	1.428869017
66	-136	33.33333333	1.166666667
66.25	-136	33.33333333	1.428869017
66.5	-136	34.66666667	1.166666667
66.75	-136	36.66666667	1.428869017
67	-136	35.55555556	1.166666667
67.25	-136	35.33333333	1.428869017
67.5	-136	39.66666667	1.166666667
67.75	-136	39.5	1.428869017
68	-136	38.77777778	1.166666667
68.25	-136	41.2	1.565247584
68.5	-136	43	3.5
60.25	-135.5	34	2.474873734
60.5	-135.5	31.5	1.428869017
60.75	-135.5	32	1.75
61	-135.5	33.66666667	1.428869017
61.25	-135.5	34.5	1.75
61.5	-135.5	36.66666667	1.428869017
61.75	-135.5	40	1.75
62	-135.5	39.5	1.428869017
62.25	-135.5	39	1.75
62.5	-135.5	38	1.428869017
62.75	-135.5	39	2.474873734
64.25	-135.5	35	2.474873734
64.5	-135.5	37.5	1.75
64.75	-135.5	40	1.75
65	-135.5	38.5	1.428869017
65.25	-135.5	36.75	1.75
65.5	-135.5	34.16666667	1.428869017
65.75	-135.5	33	1.75
66	-135.5	32.16666667	1.428869017
66.25	-135.5	32	1.75
66.5	-135.5	33	1.428869017
66.75	-135.5	35.25	1.75
67	-135.5	32.5	1.428869017
67.25	-135.5	34.5	1.75
67.5	-135.5	32.83333333	1.428869017
67.75	-135.5	33.25	1.75
68	-135.5	35.5	1.428869017
68.25	-135.5	38	2.474873734
60.25	-135	35	2.474873734
60.5	-135	31.66666667	1.428869017
60.75	-135	32.75	1.75
61	-135	34	1.428869017
61.25	-135	35.25	1.75
61.5	-135	37	1.428869017
61.75	-135	39.75	1.75
62	-135	40	1.428869017
62.25	-135	39	1.75
62.5	-135	37.66666667	1.428869017
62.75	-135	38	2.474873734
64.5	-135	39	3.5
64.75	-135	38	1.75
65	-135	38.66666667	1.428869017
65.25	-135	35.5	1.75
65.5	-135	33.83333333	1.428869017
65.75	-135	32.5	1.75
66	-135	31.33333333	1.428869017
66.25	-135	31	1.75
66.5	-135	31.66666667	1.428869017
66.75	-135	32.5	1.75
67	-135	30.5	1.428869017
67.25	-135	32.75	1.75
67.5	-135	31.66666667	1.428869017
67.75	-135	32.25	1.75
68	-135	33.33333333	1.428869017
68.25	-135	33.5	2.474873734
