65	-169	30
65.25	-168	35.934
65.5	-168	34.84
65.75	-168	33.974
66	-168	41.35
65.5	-167.5	28.391
65.75	-167.5	32.213
60	-167	38.63
60.25	-167	37.711
65	-167	28
65.25	-167	26.25
65.5	-167	29.546
65.75	-167	31.327
60	-166.5	38.292
60.25	-166.5	33.192
60.5	-166.5	29.868
64.75	-166.5	32.7
65	-166.5	31.367
65.25	-166.5	29.774
65.5	-166.5	28.903
65.75	-166.5	33.249
60	-166	42.797
60.25	-166	30.272
60.5	-166	31.081
60.75	-166	34.919
61	-166	29.8
64.75	-166	31.226
65	-166	30.721
65.25	-166	30.273
65.5	-166	28.609
65.75	-166	34.021
66	-166	33.773
66.25	-166	33.303
68.5	-166	40.59
68.75	-166	40.183
60	-165.5	48.198
60.5	-165.5	29.5
60.75	-165.5	30
61	-165.5	29.333
61.25	-165.5	28.5
61.5	-165.5	28.667
61.75	-165.5	32.463
62	-165.5	36.988
64.5	-165.5	33.43
64.75	-165.5	29.008
65	-165.5	31.152
65.25	-165.5	30.542
65.5	-165.5	28.388
65.75	-165.5	31.985
66	-165.5	33.004
66.25	-165.5	32
68	-165.5	37.091
68.25	-165.5	36.32
68.5	-165.5	41.544
68.75	-165.5	42.619
60.25	-165	32
60.5	-165	30.167
60.75	-165	29.5
61	-165	29.111
61.25	-165	29.167
61.5	-165	29.444
61.75	-165	30.976
62	-165	31.417
62.25	-165	39.131
62.5	-165	35.513
64	-165	26.667
64.25	-165	27.6
64.5	-165	32.841
64.75	-165	28.555
65	-165	29.549
65.25	-165	30.38
65.5	-165	28.246
65.75	-165	29.57
66	-165	32.367
66.25	-165	32.833
66.5	-165	33.333
66.75	-165	32
68	-165	37.443
68.25	-165	34.478
68.5	-165	41.622
68.75	-165	47.877
69	-165	48.293
60.25	-164.5	34.286
60.5	-164.5	34.157
60.75	-164.5	27.5
61	-164.5	27.167
61.25	-164.5	33.22
61.5	-164.5	35.163
61.75	-164.5	31.377
62	-164.5	30.571
62.25	-164.5	32.5
62.5	-164.5	33.765
62.75	-164.5	32.749
63	-164.5	34.624
63.25	-164.5	31
63.5	-164.5	30
64	-164.5	26.4
64.25	-164.5	27.5
64.5	-164.5	31.111
64.75	-164.5	30.534
65	-164.5	28.488
65.25	-164.5	29.233
65.5	-164.5	28.427
65.75	-164.5	30.189
66	-164.5	31.699
66.25	-164.5	31.75
66.5	-164.5	33
66.75	-164.5	31.75
67.75	-164.5	41.247
68	-164.5	37.293
68.25	-164.5	35.222
68.5	-164.5	41.832
68.75	-164.5	47.128
69	-164.5	42.431
60	-164	38.694
60.25	-164	31.552
60.5	-164	32.386
60.75	-164	27
61	-164	32.24
61.25	-164	31.614
61.5	-164	32.599
61.75	-164	32.692
62	-164	29.683
62.25	-164	32
62.5	-164	30.633
62.75	-164	30.668
63	-164	31.356
63.25	-164	28.333
63.5	-164	29.111
63.75	-164	27
64	-164	26.889
64.25	-164	27.5
64.5	-164	31.277
64.75	-164	28
65	-164	28.013
65.25	-164	30.28
65.5	-164	29.132
65.75	-164	29.328
66	-164	31.717
66.25	-164	34.854
66.5	-164	31.889
66.75	-164	36.167
67	-164	28
67.25	-164	38.75
67.75	-164	40.991
68	-164	37.339
68.25	-164	37.524
68.5	-164	40.939
68.75	-164	43.903
69	-164	39.601
60	-163.5	36.491
60.25	-163.5	31.332
60.5	-163.5	30.726
60.75	-163.5	32.143
61	-163.5	32.5
61.25	-163.5	30.323
61.5	-163.5	31.96
61.75	-163.5	32.545
62	-163.5	29.667
62.25	-163.5	30.25
62.5	-163.5	30.898
62.75	-163.5	32.85
63	-163.5	29.258
63.25	-163.5	27.25
63.5	-163.5	27.667
63.75	-163.5	27.25
64	-163.5	27.167
64.25	-163.5	28.25
64.5	-163.5	30.705
64.75	-163.5	29.22
65	-163.5	28.527
65.25	-163.5	29.402
65.5	-163.5	29.11
65.75	-163.5	29
66	-163.5	32.409
66.25	-163.5	29.75
66.5	-163.5	30.833
66.75	-163.5	32.5
67	-163.5	38
67.25	-163.5	39.183
67.5	-163.5	37.53
67.75	-163.5	41.988
68	-163.5	43.158
68.25	-163.5	36.619
68.5	-163.5	36.337
68.75	-163.5	37.697
69	-163.5	37.128
69.25	-163.5	35.511
59.5	-163	36
59.75	-163	35.127
60	-163	32
60.25	-163	25.24
60.5	-163	28.991
60.75	-163	32.543
61	-163	33.156
61.25	-163	30.892
61.5	-163	29.232
61.75	-163	31.21
62	-163	27.889
62.25	-163	31.138
62.5	-163	32.18
62.75	-163	30.815
63	-163	29.704
63.25	-163	27
63.5	-163	27
63.75	-163	27.167
64	-163	27.556
64.25	-163	28.333
64.5	-163	29.764
64.75	-163	29.858
65	-163	30.709
65.25	-163	28.626
65.5	-163	29.727
65.75	-163	32.056
66	-163	28.778
66.25	-163	28.333
66.5	-163	29.444
66.75	-163	33.603
67	-163	34.98
67.25	-163	39.161
67.5	-163	39.418
67.75	-163	41.34
68	-163	36.564
68.25	-163	38.455
68.5	-163	37.613
68.75	-163	39.676
69	-163	37.11
69.25	-163	34.599
59.5	-162.5	38.6
59.75	-162.5	39
60	-162.5	29.667
60.25	-162.5	30.235
60.5	-162.5	31.236
60.75	-162.5	31.035
61	-162.5	34.414
61.25	-162.5	33.151
61.5	-162.5	30.424
61.75	-162.5	30.259
62	-162.5	31.351
62.25	-162.5	32.026
62.5	-162.5	33.314
62.75	-162.5	31.13
63	-162.5	28.167
63.25	-162.5	27.25
63.5	-162.5	26.667
63.75	-162.5	26.75
64	-162.5	27.333
64.25	-162.5	28
64.5	-162.5	30.444
64.75	-162.5	30.632
65	-162.5	31.216
65.25	-162.5	30.445
65.5	-162.5	29.794
65.75	-162.5	28
66	-162.5	31.777
66.25	-162.5	27.25
66.5	-162.5	32.179
66.75	-162.5	31.975
67	-162.5	32.559
67.25	-162.5	37.677
67.5	-162.5	44.121
67.75	-162.5	47.991
68	-162.5	34.998
68.25	-162.5	41.193
68.5	-162.5	37.66
68.75	-162.5	37.054
69	-162.5	36.196
69.25	-162.5	33.273
69.5	-162.5	32.082
59	-162	36.226
59.25	-162	38.221
59.5	-162	39
59.75	-162	41.663
60	-162	33.592
60.25	-162	32.443
60.5	-162	32.07
60.75	-162	32.713
61	-162	34.04
61.25	-162	33.48
61.5	-162	32.127
61.75	-162	31.723
62	-162	33.458
62.25	-162	31.016
62.5	-162	32.776
62.75	-162	29
63	-162	30.444
63.25	-162	29.333
63.5	-162	27.111
63.75	-162	27
64	-162	28.222
64.25	-162	29.333
64.5	-162	30.414
64.75	-162	30.422
65	-162	32.048
65.25	-162	30.021
65.5	-162	29.655
65.75	-162	27.667
66	-162	27.444
66.25	-162	26.696
66.5	-162	29.084
66.75	-162	30.939
67	-162	30.78
67.25	-162	27.53
67.5	-162	43.518
67.75	-162	38.173
68	-162	34.406
68.25	-162	43.858
68.5	-162	37.079
68.75	-162	36.17
69	-162	36.895
69.25	-162	28.776
69.5	-162	31.766
70	-162	39.983
70.25	-162	38.091
59	-161.5	35.379
59.25	-161.5	38.117
59.5	-161.5	35.526
59.75	-161.5	36.285
60	-161.5	33.278
60.25	-161.5	35.35
60.5	-161.5	33.015
60.75	-161.5	32.646
61	-161.5	33.444
61.25	-161.5	31.75
61.5	-161.5	31.441
61.75	-161.5	33.809
62	-161.5	32.835
62.25	-161.5	31.817
62.5	-161.5	32.869
62.75	-161.5	31.5
63	-161.5	34.629
63.25	-161.5	30.44
63.5	-161.5	33.547
63.75	-161.5	28.75
64	-161.5	29.167
64.25	-161.5	30
64.5	-161.5	30.667
64.75	-161.5	30
65	-161.5	29.833
65.25	-161.5	30.33
65.5	-161.5	30.135
65.75	-161.5	29.659
66	-161.5	28.5
66.25	-161.5	31.321
66.5	-161.5	32.055
66.75	-161.5	35.182
67	-161.5	32.903
67.25	-161.5	32.253
67.5	-161.5	38.117
67.75	-161.5	37.141
68	-161.5	37.929
68.25	-161.5	41.112
68.5	-161.5	42.131
68.75	-161.5	28.938
69	-161.5	35.663
69.25	-161.5	33.795
69.5	-161.5	28.34
70	-161.5	34.863
70.25	-161.5	26.371
70.5	-161.5	26.809
59	-161	36.696
59.25	-161	31.986
59.5	-161	34.141
59.75	-161	35.322
60	-161	32.243
60.25	-161	34.482
60.5	-161	32.736
60.75	-161	34.071
61	-161	34.654
61.25	-161	34.972
61.5	-161	34.761
61.75	-161	31.306
62	-161	34.269
62.25	-161	34.642
62.5	-161	33.111
62.75	-161	32.667
63	-161	35.044
63.25	-161	30.335
63.5	-161	30.41
63.75	-161	30.606
64	-161	31.725
64.25	-161	33.683
64.5	-161	33.706
64.75	-161	31.333
65	-161	31.902
65.25	-161	32.377
65.5	-161	30.689
65.75	-161	30.181
66	-161	29.667
66.25	-161	31.301
66.5	-161	33.641
66.75	-161	37.992
67	-161	34.424
67.25	-161	34.114
67.5	-161	38.151
67.75	-161	40.989
68	-161	40.003
68.25	-161	38.799
68.5	-161	36.413
68.75	-161	30.909
69	-161	35.42
69.25	-161	36.515
69.5	-161	34.012
69.75	-161	40.19
70	-161	37.084
70.25	-161	25.395
70.5	-161	38.719
59	-160.5	35.908
59.25	-160.5	32.899
59.5	-160.5	37.044
59.75	-160.5	37.262
60	-160.5	33.806
60.25	-160.5	34.1
60.5	-160.5	33.599
60.75	-160.5	33.666
61	-160.5	35.585
61.25	-160.5	35.483
61.5	-160.5	35.27
61.75	-160.5	34.828
62	-160.5	33.812
62.25	-160.5	34.598
62.5	-160.5	31.5
62.75	-160.5	31.5
63	-160.5	34.876
63.25	-160.5	30.572
63.5	-160.5	32.454
63.75	-160.5	32.763
64	-160.5	33.508
64.25	-160.5	36.548
64.5	-160.5	34.746
64.75	-160.5	31.606
65	-160.5	31.071
65.25	-160.5	32.924
65.5	-160.5	30.914
65.75	-160.5	30
66	-160.5	33.558
66.25	-160.5	31.223
66.5	-160.5	30.779
66.75	-160.5	32.396
67	-160.5	35.785
67.25	-160.5	37.291
67.5	-160.5	40.023
67.75	-160.5	41.102
68	-160.5	40.187
68.25	-160.5	38.106
68.5	-160.5	37.718
68.75	-160.5	35.709
69	-160.5	34.465
69.25	-160.5	37.202
69.5	-160.5	37.623
69.75	-160.5	39.337
70	-160.5	32.734
70.25	-160.5	38.276
58.75	-160	32
59	-160	31.619
59.25	-160	33.991
59.5	-160	37.049
59.75	-160	38.185
60	-160	37.934
60.25	-160	35.154
60.5	-160	35.614
60.75	-160	35.064
61	-160	35.228
61.25	-160	35.055
61.5	-160	34.2
61.75	-160	33.876
62	-160	32.943
62.25	-160	33.567
62.5	-160	31
62.75	-160	31.333
63	-160	33.105
63.25	-160	31.4
63.5	-160	34.131
63.75	-160	35.849
64	-160	34.287
64.25	-160	34.513
64.5	-160	35.544
64.75	-160	34.007
65	-160	32.577
65.25	-160	31.905
65.5	-160	31.505
65.75	-160	32.5
66	-160	32.741
66.25	-160	32.277
66.5	-160	34.199
66.75	-160	33.464
67	-160	36.179
67.25	-160	36.835
67.5	-160	38.118
67.75	-160	44.396
68	-160	42.631
68.25	-160	39.985
68.5	-160	40.383
68.75	-160	38.452
69	-160	36.116
69.25	-160	36.179
69.5	-160	39.484
69.75	-160	41.306
70	-160	37.141
70.25	-160	40.356
70.5	-160	37.316
58.75	-159.5	31
59	-159.5	32.827
59.25	-159.5	33.404
59.5	-159.5	37.22
59.75	-159.5	38.123
60	-159.5	39.098
60.25	-159.5	36.28
60.5	-159.5	36.196
60.75	-159.5	35.766
61	-159.5	34.752
61.25	-159.5	34.709
61.5	-159.5	32.737
61.75	-159.5	32.787
62	-159.5	32.158
62.25	-159.5	29.75
62.5	-159.5	31.667
62.75	-159.5	32.5
63	-159.5	33.612
63.25	-159.5	32.798
63.5	-159.5	34.405
63.75	-159.5	37.294
64	-159.5	34.5
64.25	-159.5	36.25
64.5	-159.5	36.728
64.75	-159.5	33.749
65	-159.5	31.993
65.25	-159.5	32.408
65.5	-159.5	34.236
65.75	-159.5	33.455
66	-159.5	33.282
66.25	-159.5	33.364
66.5	-159.5	35.959
66.75	-159.5	32
67	-159.5	36.182
67.25	-159.5	36.437
67.5	-159.5	38.303
67.75	-159.5	39.742
68	-159.5	44.353
68.25	-159.5	43.395
68.5	-159.5	40.35
68.75	-159.5	40.098
69	-159.5	39.966
69.25	-159.5	37.348
69.5	-159.5	37.745
70	-159.5	36.018
70.25	-159.5	40.342
70.5	-159.5	38.552
58.5	-159	27.8
58.75	-159	29
59	-159	31.908
59.25	-159	35.252
59.5	-159	36.803
59.75	-159	39.334
60	-159	38.468
60.25	-159	37.247
60.5	-159	35.509
60.75	-159	36.875
61	-159	35.204
61.25	-159	32.539
61.5	-159	32.175
61.75	-159	32.11
62	-159	31.807
62.25	-159	32.113
62.5	-159	32.438
62.75	-159	30.334
63	-159	33.632
63.25	-159	31.657
63.5	-159	32.271
63.75	-159	36.415
64	-159	34.901
64.25	-159	36.833
64.5	-159	38.422
64.75	-159	34.504
65	-159	31.263
65.25	-159	30.112
65.5	-159	33.746
65.75	-159	32.413
66	-159	32.354
66.25	-159	34.275
66.5	-159	34.09
66.75	-159	36.639
67	-159	36.281
67.25	-159	35.951
67.5	-159	38.492
67.75	-159	39.342
68	-159	44.818
68.25	-159	44.856
68.5	-159	39.716
68.75	-159	41.813
69	-159	37.861
69.25	-159	35.457
69.5	-159	43.291
70	-159	36.573
70.25	-159	39.58
70.5	-159	41.443
57.75	-158.5	30.5
58	-158.5	30
58.25	-158.5	28
58.5	-158.5	26.833
58.75	-158.5	30.5
59	-158.5	32.753
59.25	-158.5	35.967
59.5	-158.5	35.084
59.75	-158.5	38.322
60	-158.5	36.594
60.25	-158.5	35.803
60.5	-158.5	36.253
60.75	-158.5	36.878
61	-158.5	35.004
61.25	-158.5	32.501
61.5	-158.5	31.983
61.75	-158.5	33.299
62	-158.5	31.703
62.25	-158.5	31.73
62.5	-158.5	33.625
62.75	-158.5	34.029
63	-158.5	33.667
63.25	-158.5	31.224
63.5	-158.5	29.998
63.75	-158.5	34.872
64	-158.5	31.667
64.25	-158.5	33.25
64.5	-158.5	36.513
64.75	-158.5	33.335
65	-158.5	32.625
65.25	-158.5	31.607
65.5	-158.5	34.328
65.75	-158.5	31.663
66	-158.5	31.466
66.25	-158.5	32.729
66.5	-158.5	31.833
66.75	-158.5	32.75
67	-158.5	35.546
67.25	-158.5	34.89
67.5	-158.5	39.332
67.75	-158.5	40.338
68	-158.5	42.624
68.25	-158.5	44.392
68.5	-158.5	39.29
68.75	-158.5	38.691
69	-158.5	36.837
69.5	-158.5	42.738
69.75	-158.5	39.792
70	-158.5	36.523
70.25	-158.5	39.721
70.5	-158.5	40.074
57.75	-158	27
58	-158	28.556
58.25	-158	27.333
58.5	-158	29.111
58.75	-158	32.667
59	-158	29.683
59.25	-158	32.343
59.5	-158	33.446
59.75	-158	34.889
60	-158	35.806
60.25	-158	35.19
60.5	-158	35.519
60.75	-158	35.711
61	-158	34.212
61.25	-158	31.847
61.5	-158	31.613
61.75	-158	33.002
62	-158	32.262
62.25	-158	31.879
62.5	-158	35.864
62.75	-158	34.075
63	-158	33.168
63.25	-158	33.326
63.5	-158	31
63.75	-158	30.5
64	-158	33.698
64.25	-158	31.5
64.5	-158	36.13
64.75	-158	33.731
65	-158	31.876
65.25	-158	32.548
65.5	-158	33.289
65.75	-158	31.446
66	-158	30.315
66.25	-158	32.255
66.5	-158	34.461
66.75	-158	34.876
67	-158	35.842
67.25	-158	33.273
67.5	-158	37.19
67.75	-158	41.076
68	-158	41.052
68.25	-158	40.334
68.5	-158	39.446
68.75	-158	36.961
69	-158	35.217
69.25	-158	37.234
69.5	-158	42.401
69.75	-158	40.34
70	-158	32.393
70.25	-158	37.333
57.75	-157.5	26.25
58	-157.5	27.667
58.25	-157.5	28.5
58.5	-157.5	33.167
58.75	-157.5	32.75
59	-157.5	30.764
59.25	-157.5	31.974
59.5	-157.5	34.815
59.75	-157.5	33.839
60	-157.5	37.51
60.25	-157.5	33.905
60.5	-157.5	32.925
60.75	-157.5	32.279
61	-157.5	34.056
61.25	-157.5	31.265
61.5	-157.5	31.844
61.75	-157.5	35.569
62	-157.5	31.019
62.25	-157.5	31.643
62.5	-157.5	35.408
62.75	-157.5	32.539
63	-157.5	34.987
63.25	-157.5	33.985
63.5	-157.5	31.695
63.75	-157.5	33.042
64	-157.5	32.438
64.25	-157.5	31.5
64.5	-157.5	34.866
64.75	-157.5	33.379
65	-157.5	26.937
65.25	-157.5	32.8
65.5	-157.5	33.463
65.75	-157.5	33.542
66	-157.5	31.256
66.25	-157.5	31.614
66.5	-157.5	33.36
66.75	-157.5	35.126
67	-157.5	37.044
67.25	-157.5	35.781
67.5	-157.5	36.867
67.75	-157.5	39.768
68	-157.5	41.097
68.25	-157.5	40.565
68.5	-157.5	37.619
68.75	-157.5	36.431
69	-157.5	34.827
69.25	-157.5	37.461
69.5	-157.5	38.986
69.75	-157.5	42.372
70	-157.5	33.004
70.25	-157.5	37.08
71	-157.5	44.113
57.25	-157	29.25
57.5	-157	27
57.75	-157	24.5
58	-157	25.889
58.25	-157	29.667
58.5	-157	32.222
58.75	-157	33.839
59	-157	33.013
59.25	-157	34.659
59.5	-157	33.46
59.75	-157	33.172
60	-157	31.729
60.25	-157	32.54
60.5	-157	31.736
60.75	-157	30.688
61	-157	34.006
61.25	-157	31.821
61.5	-157	30.763
61.75	-157	34.85
62	-157	32.498
62.25	-157	32.922
62.5	-157	34.664
62.75	-157	34.379
63	-157	36.296
63.25	-157	34.935
63.5	-157	32.837
63.75	-157	32.809
64	-157	34.3
64.25	-157	33.046
64.5	-157	33.383
64.75	-157	34.107
65	-157	32.528
65.25	-157	33.573
65.5	-157	32.918
65.75	-157	30.333
66	-157	31.902
66.25	-157	32.893
66.5	-157	36.66
66.75	-157	37.059
67	-157	38.807
67.25	-157	37.907
67.5	-157	38.188
67.75	-157	40.534
68	-157	40.11
68.25	-157	41.762
68.5	-157	38.081
68.75	-157	35.911
69	-157	33.56
69.25	-157	36.183
69.5	-157	32.289
69.75	-157	36.303
70	-157	37.975
70.25	-157	36.123
71	-157	33.387
71.25	-157	39.317
71.5	-157	33.131
57.25	-156.5	30
57.5	-156.5	29.333
57.75	-156.5	25.333
58	-156.5	26.667
58.25	-156.5	30
58.5	-156.5	30.5
58.75	-156.5	31.745
59	-156.5	32.534
59.25	-156.5	33.003
59.5	-156.5	32.226
59.75	-156.5	32.356
60	-156.5	30.509
60.25	-156.5	30
60.5	-156.5	32.44
60.75	-156.5	31.554
61	-156.5	31.867
61.25	-156.5	32.943
61.5	-156.5	32.618
61.75	-156.5	34.201
62	-156.5	33.903
62.25	-156.5	33.223
62.5	-156.5	33.289
62.75	-156.5	32.197
63	-156.5	33.743
63.25	-156.5	34.615
63.5	-156.5	33.163
63.75	-156.5	33.996
64	-156.5	33.901
64.25	-156.5	31.603
64.5	-156.5	30.833
64.75	-156.5	33.475
65	-156.5	34.01
65.25	-156.5	34.393
65.5	-156.5	32.957
65.75	-156.5	33.755
66	-156.5	32.441
66.25	-156.5	33.917
66.5	-156.5	37.407
66.75	-156.5	37.702
67	-156.5	39.493
67.25	-156.5	40.028
67.5	-156.5	38.458
67.75	-156.5	40.909
68	-156.5	38.538
68.25	-156.5	36.958
68.5	-156.5	36.304
68.75	-156.5	35.906
69	-156.5	33.185
69.25	-156.5	35.689
69.5	-156.5	35.518
69.75	-156.5	42.138
70	-156.5	33.654
70.25	-156.5	37.639
71	-156.5	33.986
71.25	-156.5	37.444
71.5	-156.5	33.653
57.25	-156	33.333
57.5	-156	37.625
57.75	-156	36.167
58	-156	35.054
58.25	-156	32.366
58.5	-156	29.443
58.75	-156	32.923
59	-156	34.415
59.25	-156	31.577
59.5	-156	32.64
59.75	-156	32.506
60	-156	32.848
60.25	-156	32.146
60.5	-156	32.943
60.75	-156	31.102
61	-156	31.618
61.25	-156	32.257
61.5	-156	30.682
61.75	-156	33.077
62	-156	33.396
62.25	-156	32.604
62.5	-156	33.569
62.75	-156	31.634
63	-156	33.139
63.25	-156	31.306
63.5	-156	31.87
63.75	-156	34.523
64	-156	32.477
64.25	-156	32.007
64.5	-156	32.837
64.75	-156	33.063
65	-156	33.61
65.25	-156	34.055
65.5	-156	33.288
65.75	-156	34.351
66	-156	35.125
66.25	-156	36.271
66.5	-156	38.333
66.75	-156	41.242
67	-156	39.656
67.25	-156	41.532
67.5	-156	41.797
67.75	-156	40.803
68	-156	40.798
68.25	-156	37.679
68.5	-156	37.167
68.75	-156	35.633
69	-156	37.661
69.25	-156	46.822
69.5	-156	34.988
69.75	-156	42.794
70	-156	34.083
70.25	-156	38.607
71	-156	33.844
71.25	-156	33.773
57.25	-155.5	38.75
57.5	-155.5	40
57.75	-155.5	39.5
58	-155.5	37.75
58.25	-155.5	35.967
58.5	-155.5	30.965
58.75	-155.5	31.058
59	-155.5	31.233
59.25	-155.5	31.382
59.5	-155.5	33.317
59.75	-155.5	32.767
60	-155.5	32.753
60.25	-155.5	33.728
60.5	-155.5	34.504
60.75	-155.5	32.896
61	-155.5	33.292
61.25	-155.5	32.196
61.5	-155.5	32.058
61.75	-155.5	34.089
62	-155.5	33.547
62.25	-155.5	33.129
62.5	-155.5	33.29
62.75	-155.5	33.581
63	-155.5	31.222
63.25	-155.5	31.75
63.5	-155.5	32.178
63.75	-155.5	31.5
64	-155.5	32.125
64.25	-155.5	32.584
64.5	-155.5	32.924
64.75	-155.5	30.964
65	-155.5	32.513
65.25	-155.5	33.598
65.5	-155.5	31.739
65.75	-155.5	32.937
66	-155.5	35.994
66.25	-155.5	35.719
66.5	-155.5	35.529
66.75	-155.5	39.419
67	-155.5	39.377
67.25	-155.5	40.675
67.5	-155.5	42.816
67.75	-155.5	43.168
68	-155.5	42.02
68.25	-155.5	40.332
68.5	-155.5	38.116
68.75	-155.5	37.605
69	-155.5	35.526
69.25	-155.5	32.945
69.5	-155.5	39.399
69.75	-155.5	35.201
70	-155.5	34.795
70.25	-155.5	35.678
70.5	-155.5	35.945
70.75	-155.5	44.734
71	-155.5	33.812
71.25	-155.5	36.008
57.25	-155	35
57.5	-155	35.833
57.75	-155	37.8
58	-155	38.554
58.25	-155	36.054
58.5	-155	31.821
58.75	-155	27.983
59	-155	33.911
59.25	-155	32.701
59.5	-155	32.237
59.75	-155	31.502
60	-155	34.065
60.25	-155	34.018
60.5	-155	34.155
60.75	-155	33.7
61	-155	35.269
61.25	-155	34.28
61.5	-155	33.279
61.75	-155	32.748
62	-155	33.377
62.25	-155	31.853
62.5	-155	32.806
62.75	-155	33.733
63	-155	32.701
63.25	-155	31.477
63.5	-155	32.344
63.75	-155	32.131
64	-155	31.515
64.25	-155	33.121
64.5	-155	31.852
64.75	-155	32.576
65	-155	35.473
65.25	-155	32.31
65.5	-155	31.805
65.75	-155	32.262
66	-155	35.239
66.25	-155	36.413
66.5	-155	35.06
66.75	-155	38.081
67	-155	38.167
67.25	-155	40.068
67.5	-155	40.754
67.75	-155	42.977
68	-155	42.621
68.25	-155	40.274
68.5	-155	38.307
68.75	-155	37.118
69	-155	38.13
69.25	-155	37.32
69.5	-155	37.874
69.75	-155	34.757
70	-155	40.557
70.25	-155	33.158
70.75	-155	41.582
71	-155	39.347
57.25	-154.5	33
57.5	-154.5	35.333
57.75	-154.5	37.5
58	-154.5	37.167
58.25	-154.5	36.804
58.5	-154.5	36.608
58.75	-154.5	34.098
59	-154.5	35.085
59.25	-154.5	33.931
59.5	-154.5	34.847
59.75	-154.5	34.059
60	-154.5	35.51
60.25	-154.5	31.691
60.5	-154.5	32.619
60.75	-154.5	34.495
61	-154.5	35.963
61.25	-154.5	35.852
61.5	-154.5	35.473
61.75	-154.5	32.481
62	-154.5	35.416
62.25	-154.5	32.268
62.5	-154.5	32.481
62.75	-154.5	32.228
63	-154.5	32.381
63.25	-154.5	31.017
63.5	-154.5	31.735
63.75	-154.5	32.055
64	-154.5	32.36
64.25	-154.5	31.655
64.5	-154.5	31.275
64.75	-154.5	34.383
65	-154.5	32.339
65.25	-154.5	34.6
65.5	-154.5	32.467
65.75	-154.5	32.792
66	-154.5	35.499
66.25	-154.5	36.291
66.5	-154.5	35.382
66.75	-154.5	36.21
67	-154.5	37.284
67.25	-154.5	41.094
67.5	-154.5	41.451
67.75	-154.5	44.452
68	-154.5	42.983
68.25	-154.5	39.891
68.5	-154.5	38.145
68.75	-154.5	38.743
69	-154.5	38.628
69.25	-154.5	36.578
69.5	-154.5	39.739
69.75	-154.5	33.305
70	-154.5	38.053
70.25	-154.5	32.614
70.5	-154.5	41.092
70.75	-154.5	41.111
71	-154.5	36.49
57.5	-154	34.667
57.75	-154	35.5
58	-154	35.222
58.25	-154	35.364
58.5	-154	37.171
58.75	-154	37.066
59	-154	36.313
59.25	-154	33.111
59.5	-154	34.924
59.75	-154	35.218
60	-154	33.559
60.25	-154	30.955
60.5	-154	33.103
60.75	-154	34.814
61	-154	36.042
61.25	-154	37.75
61.5	-154	37.424
61.75	-154	37.992
62	-154	36.989
62.25	-154	35.23
62.5	-154	33.825
62.75	-154	32.645
63	-154	33.757
63.25	-154	31.394
63.5	-154	31.609
63.75	-154	32.5
64	-154	31.111
64.25	-154	31.203
64.5	-154	32.157
64.75	-154	33.851
65	-154	31.672
65.25	-154	32.967
65.5	-154	32.309
65.75	-154	31.958
66	-154	33.232
66.25	-154	35.311
66.5	-154	34.595
66.75	-154	35.571
67	-154	38.36
67.25	-154	39.517
67.5	-154	43.201
67.75	-154	43.707
68	-154	43.905
68.25	-154	42.572
68.5	-154	39.425
68.75	-154	41.012
69	-154	36.794
69.25	-154	32.067
69.5	-154	36.398
69.75	-154	34.006
70	-154	36.369
70.25	-154	31.164
70.5	-154	38.621
70.75	-154	35.424
71	-154	39.338
57.75	-153.5	48.423
58	-153.5	46.71
58.25	-153.5	36.5
58.5	-153.5	38.342
58.75	-153.5	38.007
59	-153.5	36.068
59.25	-153.5	34.873
59.5	-153.5	34.206
59.75	-153.5	36.925
60	-153.5	35.073
60.25	-153.5	33.839
60.5	-153.5	31.797
60.75	-153.5	34.952
61	-153.5	36.257
61.25	-153.5	38.858
61.5	-153.5	38.401
61.75	-153.5	38.903
62	-153.5	36.868
62.25	-153.5	35.221
62.5	-153.5	33.947
62.75	-153.5	33.93
63	-153.5	33.862
63.25	-153.5	31.895
63.5	-153.5	31.343
63.75	-153.5	28.817
64	-153.5	30.336
64.25	-153.5	31.902
64.5	-153.5	30.667
64.75	-153.5	32.568
65	-153.5	33.06
65.25	-153.5	32.633
65.5	-153.5	32.013
65.75	-153.5	31.872
66	-153.5	32.533
66.25	-153.5	35.81
66.5	-153.5	35.705
66.75	-153.5	36.082
67	-153.5	38.17
67.25	-153.5	40.302
67.5	-153.5	42.875
67.75	-153.5	43.122
68	-153.5	43.96
68.25	-153.5	42.086
68.5	-153.5	39.783
68.75	-153.5	41.774
69	-153.5	40.173
69.25	-153.5	38.27
69.5	-153.5	37.646
69.75	-153.5	35.878
70	-153.5	39.138
70.25	-153.5	36.209
70.5	-153.5	36.429
70.75	-153.5	38.296
71	-153.5	43.489
58	-153	45.706
58.25	-153	44.698
58.5	-153	34.889
58.75	-153	39.667
59	-153	37.62
59.25	-153	35.057
59.5	-153	32.257
59.75	-153	33.684
60	-153	35.047
60.25	-153	36.2
60.5	-153	33.76
60.75	-153	36.296
61	-153	36.105
61.25	-153	38.414
61.5	-153	37.146
61.75	-153	38.721
62	-153	36.602
62.25	-153	38.773
62.5	-153	35.77
62.75	-153	32.794
63	-153	31.875
63.25	-153	32.037
63.5	-153	30.766
63.75	-153	28.476
64	-153	30.132
64.25	-153	31.808
64.5	-153	32.047
64.75	-153	31.5
65	-153	30.402
65.25	-153	33.167
65.5	-153	31.714
65.75	-153	31.624
66	-153	34.329
66.25	-153	35.581
66.5	-153	36.227
66.75	-153	36.65
67	-153	39.012
67.25	-153	40.687
67.5	-153	41.276
67.75	-153	41.415
68	-153	43.161
68.25	-153	41.735
68.5	-153	39.473
68.75	-153	36.111
69	-153	41.086
69.25	-153	35.887
69.5	-153	37.841
69.75	-153	38.32
70	-153	37.302
70.25	-153	33.592
70.5	-153	31.339
70.75	-153	39.762
58.25	-152.5	44.414
58.5	-152.5	44.362
58.75	-152.5	42.408
59	-152.5	40.159
59.25	-152.5	36.25
59.5	-152.5	36.667
59.75	-152.5	36.403
60	-152.5	34.481
60.25	-152.5	36.263
60.5	-152.5	34.445
60.75	-152.5	36.785
61	-152.5	38.524
61.25	-152.5	34.97
61.5	-152.5	36.315
61.75	-152.5	37.806
62	-152.5	37.209
62.25	-152.5	39.66
62.5	-152.5	37.284
62.75	-152.5	33.429
63	-152.5	30.914
63.25	-152.5	33.67
63.5	-152.5	31.127
63.75	-152.5	29.756
64	-152.5	29.27
64.25	-152.5	31
64.5	-152.5	32.527
64.75	-152.5	33.077
65	-152.5	29.594
65.25	-152.5	32.5
65.5	-152.5	31.971
65.75	-152.5	32.12
66	-152.5	34.004
66.25	-152.5	36.572
66.5	-152.5	35.598
66.75	-152.5	37.541
67	-152.5	38.486
67.25	-152.5	41.603
67.5	-152.5	41.132
67.75	-152.5	41.24
68	-152.5	41.102
68.25	-152.5	40.171
68.5	-152.5	40.027
68.75	-152.5	36.735
69	-152.5	36.314
69.25	-152.5	37.07
69.5	-152.5	37.835
69.75	-152.5	36.766
70	-152.5	39.539
70.25	-152.5	34.278
70.5	-152.5	34.619
70.75	-152.5	40.5
71	-152.5	44.809
58.5	-152	50.818
58.75	-152	44.849
59	-152	43.217
59.25	-152	36.167
59.5	-152	30.897
59.75	-152	30.145
60	-152	38
60.25	-152	35.396
60.5	-152	32.813
60.75	-152	36.157
61	-152	36.421
61.25	-152	35.355
61.5	-152	35.587
61.75	-152	37.697
62	-152	38.031
62.25	-152	38.227
62.5	-152	36.441
62.75	-152	35.193
63	-152	33.368
63.25	-152	34.022
63.5	-152	32.046
63.75	-152	29.4
64	-152	28.496
64.25	-152	30.5
64.5	-152	30.222
64.75	-152	30.667
65	-152	30.137
65.25	-152	30.814
65.5	-152	31.143
65.75	-152	31.616
66	-152	32.926
66.25	-152	36.007
66.5	-152	36.353
66.75	-152	37.299
67	-152	38.645
67.25	-152	42.211
67.5	-152	41.387
67.75	-152	42.836
68	-152	41.652
68.25	-152	40.909
68.5	-152	40.184
68.75	-152	37.404
69	-152	43.475
69.25	-152	36.895
69.5	-152	35.731
69.75	-152	40.218
70	-152	38.369
70.25	-152	34.687
70.5	-152	35.041
59	-151.5	35.75
59.25	-151.5	44.39
59.5	-151.5	38.015
59.75	-151.5	31.261
60	-151.5	33.559
60.25	-151.5	36.12
60.5	-151.5	34.802
60.75	-151.5	32.432
61	-151.5	36.189
61.25	-151.5	35.084
61.5	-151.5	35.378
61.75	-151.5	38.152
62	-151.5	36.977
62.25	-151.5	39.77
62.5	-151.5	36.694
62.75	-151.5	34.473
63	-151.5	33.344
63.25	-151.5	33.071
63.5	-151.5	31.264
63.75	-151.5	30.291
64	-151.5	28.731
64.25	-151.5	27.641
64.5	-151.5	30
64.75	-151.5	30
65	-151.5	28.309
65.25	-151.5	29.049
65.5	-151.5	30.644
65.75	-151.5	31.299
66	-151.5	32.072
66.25	-151.5	34.113
66.5	-151.5	35.176
66.75	-151.5	36.344
67	-151.5	39.499
67.25	-151.5	40.892
67.5	-151.5	40.082
67.75	-151.5	41.79
68	-151.5	41.829
68.25	-151.5	40.583
68.5	-151.5	40.815
68.75	-151.5	38.984
69	-151.5	39.495
69.25	-151.5	43.051
69.5	-151.5	37.53
69.75	-151.5	38.182
70	-151.5	35.734
70.25	-151.5	35.578
70.5	-151.5	37.031
59.25	-151	44.632
59.5	-151	40.17
59.75	-151	37.355
60	-151	41.257
60.25	-151	35.984
60.5	-151	32.164
60.75	-151	32.9
61	-151	35.298
61.25	-151	36.322
61.5	-151	33.071
61.75	-151	37
62	-151	35.006
62.25	-151	37.461
62.5	-151	37.063
62.75	-151	35.837
63	-151	35.296
63.25	-151	33.156
63.5	-151	31.707
63.75	-151	31.818
64	-151	28.91
64.25	-151	28.002
64.5	-151	29.111
64.75	-151	29.333
65	-151	28.254
65.25	-151	29.294
65.5	-151	32.004
65.75	-151	31.327
66	-151	31.005
66.25	-151	32.566
66.5	-151	34.297
66.75	-151	35.694
67	-151	39.04
67.25	-151	41.31
67.5	-151	41.053
67.75	-151	41.338
68	-151	39.845
68.25	-151	38.319
68.5	-151	39.531
68.75	-151	37.625
69	-151	36.489
69.25	-151	36.792
69.5	-151	36.733
69.75	-151	32.125
70	-151	33.709
59.5	-150.5	36.801
59.75	-150.5	36.861
60	-150.5	41.485
60.25	-150.5	41.828
60.5	-150.5	33.227
60.75	-150.5	33.304
61	-150.5	36.53
61.25	-150.5	34.886
61.5	-150.5	34.843
61.75	-150.5	31.477
62	-150.5	35.772
62.25	-150.5	37.863
62.5	-150.5	36.455
62.75	-150.5	36.485
63	-150.5	36.077
63.25	-150.5	35.018
63.5	-150.5	32.529
63.75	-150.5	31.922
64	-150.5	27.488
64.25	-150.5	28.286
64.5	-150.5	28
64.75	-150.5	28
65	-150.5	28.188
65.25	-150.5	28.416
65.5	-150.5	29.007
65.75	-150.5	30.145
66	-150.5	30.714
66.25	-150.5	32.402
66.5	-150.5	33.937
66.75	-150.5	35.081
67	-150.5	39.121
67.25	-150.5	40.094
67.5	-150.5	39.015
67.75	-150.5	39.234
68	-150.5	39.105
68.25	-150.5	36.304
68.5	-150.5	37.422
68.75	-150.5	39.929
69	-150.5	35.61
69.25	-150.5	37.274
69.5	-150.5	38.176
69.75	-150.5	31.493
70	-150.5	35.343
70.5	-150.5	36.874
59.5	-150	22.213
59.75	-150	21.506
60	-150	23.33
60.25	-150	29.99
60.5	-150	31.247
60.75	-150	32.791
61	-150	35.407
61.25	-150	38.789
61.5	-150	45.764
61.75	-150	41.818
62	-150	35.298
62.25	-150	33.655
62.5	-150	35.288
62.75	-150	36.332
63	-150	36.103
63.25	-150	33.408
63.5	-150	34.681
63.75	-150	33.402
64	-150	31.372
64.25	-150	27.953
64.5	-150	26.35
64.75	-150	27.616
65	-150	27.091
65.25	-150	27.533
65.5	-150	29.538
65.75	-150	29.034
66	-150	30.982
66.25	-150	32.246
66.5	-150	33.776
66.75	-150	33.654
67	-150	36.428
67.25	-150	38.464
67.5	-150	38.114
67.75	-150	36.925
68	-150	40.271
68.25	-150	38.306
68.5	-150	36.5
68.75	-150	42.233
69	-150	36.295
69.25	-150	36.705
69.5	-150	38.017
69.75	-150	33.391
70	-150	35.731
70.25	-150	35.112
70.5	-150	36.503
59.5	-149.5	22.297
59.75	-149.5	21.192
60	-149.5	16.242
60.25	-149.5	21.658
60.5	-149.5	26.801
60.75	-149.5	27.402
61	-149.5	28.143
61.25	-149.5	29.589
61.5	-149.5	29.31
61.75	-149.5	33.875
62	-149.5	35.302
62.25	-149.5	35.083
62.5	-149.5	36.396
62.75	-149.5	36.539
63	-149.5	36.74
63.25	-149.5	36.984
63.5	-149.5	34.801
63.75	-149.5	33.201
64	-149.5	29.713
64.25	-149.5	26.788
64.5	-149.5	28.127
64.75	-149.5	26.369
65	-149.5	27.654
65.25	-149.5	28.12
65.5	-149.5	30.344
65.75	-149.5	29.817
66	-149.5	30.214
66.25	-149.5	32.231
66.5	-149.5	33.388
66.75	-149.5	34.296
67	-149.5	36.607
67.25	-149.5	36.749
67.5	-149.5	37.349
67.75	-149.5	38.163
68	-149.5	39.883
68.25	-149.5	38.71
68.5	-149.5	36.108
68.75	-149.5	34.788
69	-149.5	35.544
69.25	-149.5	36.026
69.5	-149.5	31.411
69.75	-149.5	31.348
70	-149.5	39.436
70.25	-149.5	33.736
70.5	-149.5	35.417
59.75	-149	15.758
60	-149	16.155
60.25	-149	22.761
60.5	-149	25.049
60.75	-149	25.07
61	-149	26.481
61.25	-149	30.549
61.5	-149	28.399
61.75	-149	29.101
62	-149	33.806
62.25	-149	36.663
62.5	-149	35.882
62.75	-149	36.338
63	-149	37.373
63.25	-149	38.56
63.5	-149	36.497
63.75	-149	33.629
64	-149	32.5
64.25	-149	28.503
64.5	-149	28.129
64.75	-149	27.75
65	-149	27.516
65.25	-149	29.472
65.5	-149	30.052
65.75	-149	31.026
66	-149	30.255
66.25	-149	32.918
66.5	-149	32.214
66.75	-149	33.581
67	-149	36.516
67.25	-149	37.536
67.5	-149	38.126
67.75	-149	39.018
68	-149	40.179
68.25	-149	38.398
68.5	-149	37.667
68.75	-149	39.252
69	-149	38.059
69.25	-149	34.832
69.5	-149	30.807
69.75	-149	27.993
70	-149	38.728
70.25	-149	32.35
70.5	-149	33.429
60.25	-148.5	19.811
60.5	-148.5	19.377
60.75	-148.5	20.969
61	-148.5	21.27
61.25	-148.5	25.815
61.5	-148.5	26.361
61.75	-148.5	25.732
62	-148.5	39.977
62.25	-148.5	47.779
62.5	-148.5	36.559
62.75	-148.5	38.121
63	-148.5	37.899
63.25	-148.5	38.821
63.5	-148.5	34.203
63.75	-148.5	33.011
64	-148.5	32.201
64.25	-148.5	29.8
64.5	-148.5	27.214
64.75	-148.5	27.609
65	-148.5	28.197
65.25	-148.5	29.586
65.5	-148.5	30.253
65.75	-148.5	31.03
66	-148.5	30.161
66.25	-148.5	32.728
66.5	-148.5	31.309
66.75	-148.5	32.128
67	-148.5	35.487
67.25	-148.5	36.669
67.5	-148.5	38.212
67.75	-148.5	38.946
68	-148.5	40.973
68.25	-148.5	40.644
68.5	-148.5	38.637
68.75	-148.5	40.228
69	-148.5	38.399
69.25	-148.5	37.927
69.5	-148.5	31.886
69.75	-148.5	30.193
70	-148.5	39.157
70.25	-148.5	35.147
70.5	-148.5	36.531
60	-148	11.684
60.25	-148	16.133
60.5	-148	17.034
60.75	-148	19.235
61	-148	21.021
61.25	-148	25.9
61.5	-148	26.249
61.75	-148	24.297
62	-148	26.466
62.25	-148	42.667
62.5	-148	38.795
62.75	-148	37.459
63	-148	37.769
63.25	-148	37.504
63.5	-148	35.573
63.75	-148	34.571
64	-148	34.354
64.25	-148	31
64.5	-148	29.382
64.75	-148	28.786
65	-148	28.945
65.25	-148	29.427
65.5	-148	30.026
65.75	-148	32.076
66	-148	31.057
66.25	-148	32.474
66.5	-148	32.044
66.75	-148	30.171
67	-148	34.507
67.25	-148	35.628
67.5	-148	37.244
67.75	-148	38.126
68	-148	39.176
68.25	-148	38.697
68.5	-148	38.348
68.75	-148	40.638
69	-148	37.884
69.25	-148	36.923
69.5	-148	33.853
69.75	-148	29.802
70	-148	37.324
70.25	-148	36.573
70.5	-148	38.354
59.75	-147.5	11.447
60	-147.5	11.299
60.25	-147.5	12.338
60.5	-147.5	18.839
60.75	-147.5	18.643
61	-147.5	17.067
61.25	-147.5	17.403
61.5	-147.5	27.722
61.75	-147.5	28.183
62	-147.5	29.382
62.25	-147.5	40.337
62.5	-147.5	41.474
62.75	-147.5	40.954
63	-147.5	38.414
63.25	-147.5	38.343
63.5	-147.5	37.232
63.75	-147.5	37.092
64	-147.5	35.611
64.25	-147.5	32
64.5	-147.5	28.933
64.75	-147.5	29.78
65	-147.5	30.62
65.25	-147.5	30.431
65.5	-147.5	31.697
65.75	-147.5	30.281
66	-147.5	33.551
66.25	-147.5	29
66.5	-147.5	30.624
66.75	-147.5	29.798
67	-147.5	33.596
67.25	-147.5	35.078
67.5	-147.5	34.977
67.75	-147.5	36.603
68	-147.5	39.149
68.25	-147.5	39.334
68.5	-147.5	39.396
68.75	-147.5	41.025
69	-147.5	37.891
69.25	-147.5	37.075
69.5	-147.5	34.915
69.75	-147.5	39.193
70	-147.5	37.079
59.75	-147	11.709
60	-147	11.616
60.25	-147	12.058
60.5	-147	12.386
60.75	-147	17.316
61	-147	16.738
61.25	-147	17.844
61.5	-147	30.824
61.75	-147	30.321
62	-147	32.772
62.25	-147	44.089
62.5	-147	40.951
62.75	-147	38.235
63	-147	37.723
63.25	-147	38.154
63.5	-147	36.275
63.75	-147	36.486
64	-147	35.97
64.25	-147	32.468
64.5	-147	30.823
64.75	-147	29.493
65	-147	30.439
65.25	-147	31.323
65.5	-147	31.84
65.75	-147	31.868
66	-147	32.535
66.25	-147	28.833
66.5	-147	30.191
66.75	-147	28.216
67	-147	33.236
67.25	-147	35.348
67.5	-147	34.252
67.75	-147	36.276
68	-147	37.764
68.25	-147	38.68
68.5	-147	40.049
68.75	-147	40.256
69	-147	38.576
69.25	-147	36.991
69.5	-147	35.381
69.75	-147	38.473
70	-147	39.042
70.25	-147	50.544
60.25	-146.5	12.137
60.5	-146.5	12.088
60.75	-146.5	18.179
61	-146.5	18.082
61.25	-146.5	19.119
61.5	-146.5	24.462
61.75	-146.5	30.612
62	-146.5	33.689
62.25	-146.5	43.972
62.5	-146.5	39.626
62.75	-146.5	39.41
63	-146.5	38.761
63.25	-146.5	37.987
63.5	-146.5	37.666
63.75	-146.5	36.037
64	-146.5	33.004
64.25	-146.5	30.669
64.5	-146.5	32.516
64.75	-146.5	32.636
65	-146.5	29.879
65.25	-146.5	33.19
65.5	-146.5	33.5
65.75	-146.5	34.274
66	-146.5	30.667
66.25	-146.5	27.603
66.5	-146.5	29.509
66.75	-146.5	28.478
67	-146.5	32.95
67.25	-146.5	34.291
67.5	-146.5	33.8
67.75	-146.5	35.279
68	-146.5	36.224
68.25	-146.5	37.554
68.5	-146.5	39.734
68.75	-146.5	39.768
69	-146.5	39.696
69.25	-146.5	36.283
69.5	-146.5	39.148
69.75	-146.5	39.4
70	-146.5	40.536
70.25	-146.5	45.044
60.25	-146	11.96
60.5	-146	11.444
60.75	-146	14.23
61	-146	17.291
61.25	-146	17.373
61.5	-146	24.33
61.75	-146	25.184
62	-146	39.603
62.25	-146	43.905
62.5	-146	39.182
62.75	-146	38.681
63	-146	40.335
63.25	-146	39.649
63.5	-146	37.996
63.75	-146	35.284
64	-146	32.423
64.25	-146	31.411
64.5	-146	33.104
64.75	-146	33.149
65	-146	35.111
65.25	-146	34.833
65.5	-146	34.808
65.75	-146	32.151
66	-146	35.014
66.25	-146	31.841
66.5	-146	27.118
66.75	-146	28.333
67	-146	32.959
67.25	-146	34.495
67.5	-146	34.171
67.75	-146	34.981
68	-146	35.256
68.25	-146	37.25
68.5	-146	38.648
68.75	-146	40.965
69	-146	41.361
69.25	-146	39.975
69.5	-146	41.455
69.75	-146	44.731
70	-146	41.568
70.25	-146	45.294
60.25	-145.5	11.547
60.5	-145.5	11.374
60.75	-145.5	11.458
61	-145.5	18.412
61.25	-145.5	21.1
61.5	-145.5	26.668
61.75	-145.5	41.775
62	-145.5	43.956
62.25	-145.5	43.397
62.5	-145.5	39.903
62.75	-145.5	39.172
63	-145.5	40.795
63.25	-145.5	40.506
63.5	-145.5	39.576
63.75	-145.5	33.617
64	-145.5	31.771
64.25	-145.5	32.428
64.5	-145.5	33.361
64.75	-145.5	33.658
65	-145.5	34.276
65.25	-145.5	34.5
65.5	-145.5	34.077
65.75	-145.5	34.85
66	-145.5	36.751
66.25	-145.5	29.827
66.5	-145.5	24.9
66.75	-145.5	26.446
67	-145.5	30.321
67.25	-145.5	35.208
67.5	-145.5	33.779
67.75	-145.5	33.966
68	-145.5	36.187
68.25	-145.5	38.454
68.5	-145.5	42.673
68.75	-145.5	44.031
69	-145.5	45.497
69.25	-145.5	44.275
69.5	-145.5	41.705
69.75	-145.5	36.018
70	-145.5	38.638
59.75	-145	8.5345
60	-145	8.6118
60.25	-145	12.503
60.5	-145	12.871
60.75	-145	16.205
61	-145	19.657
61.25	-145	25.189
61.5	-145	38.351
61.75	-145	42.733
62	-145	42.215
62.25	-145	40.056
62.5	-145	38.142
62.75	-145	38.873
63	-145	40.344
63.25	-145	40.226
63.5	-145	35.387
63.75	-145	32.991
64	-145	32.363
64.25	-145	31.984
64.5	-145	34.703
64.75	-145	34.006
65	-145	36.215
65.25	-145	34.423
65.5	-145	34.335
65.75	-145	35.57
66	-145	31
66.25	-145	29.329
66.5	-145	28.222
66.75	-145	26.323
67	-145	29.222
67.25	-145	34.538
67.5	-145	33.191
67.75	-145	32.934
68	-145	36.949
68.25	-145	38.324
68.5	-145	42.864
68.75	-145	48.167
69	-145	47.979
69.25	-145	48.812
69.5	-145	44.219
69.75	-145	40.637
70	-145	40.718
59.75	-144.5	8.1397
60	-144.5	8.0988
60.25	-144.5	11.533
60.5	-144.5	11.969
60.75	-144.5	16.634
61	-144.5	18.87
61.25	-144.5	20.807
61.5	-144.5	44.518
61.75	-144.5	45.047
62	-144.5	43.847
62.25	-144.5	37.679
62.5	-144.5	36.421
62.75	-144.5	36.604
63	-144.5	38.771
63.25	-144.5	37.586
63.5	-144.5	33.472
63.75	-144.5	32.175
64	-144.5	32.962
64.25	-144.5	33.458
64.5	-144.5	35.529
64.75	-144.5	34.256
65	-144.5	35.908
65.25	-144.5	33.734
65.5	-144.5	33.667
65.75	-144.5	35.152
66	-144.5	33.222
66.25	-144.5	30.736
66.5	-144.5	26.114
66.75	-144.5	27.75
67	-144.5	30.524
67.25	-144.5	32.327
67.5	-144.5	32.35
67.75	-144.5	34.16
68	-144.5	36.887
68.25	-144.5	37.135
68.5	-144.5	39.84
68.75	-144.5	46
69	-144.5	47.104
69.25	-144.5	51.154
69.5	-144.5	45.293
69.75	-144.5	42.659
70	-144.5	34.822
70.25	-144.5	36.506
59.75	-144	8.5585
60	-144	8.2534
60.25	-144	11.805
60.5	-144	11.994
61	-144	19.665
61.25	-144	41.925
61.5	-144	45.466
61.75	-144	45.636
62	-144	40.948
62.25	-144	40.096
62.5	-144	37.329
62.75	-144	38.213
63	-144	36.517
63.25	-144	34.295
63.5	-144	31.674
63.75	-144	32.15
64	-144	32.319
64.25	-144	33.6
64.5	-144	34.265
64.75	-144	33.937
65	-144	35.269
65.25	-144	34.862
65.5	-144	33.739
65.75	-144	34.133
66	-144	33.439
66.25	-144	30.5
66.5	-144	29.667
66.75	-144	29.945
67	-144	30.726
67.25	-144	32.189
67.5	-144	33.479
67.75	-144	33.499
68	-144	35.286
68.25	-144	35.62
68.5	-144	37.955
68.75	-144	42.333
69	-144	42.86
69.25	-144	46.477
69.5	-144	46.142
69.75	-144	40.143
70	-144	35.356
59.75	-143.5	8.5772
60	-143.5	7.8287
60.25	-143.5	10.174
60.5	-143.5	11.649
60.75	-143.5	14.58
61	-143.5	27.417
61.25	-143.5	37.99
61.5	-143.5	46.818
61.75	-143.5	43.214
62	-143.5	40.39
62.25	-143.5	41.768
62.5	-143.5	37.873
62.75	-143.5	36.656
63	-143.5	34.531
63.25	-143.5	33.265
63.5	-143.5	31.383
63.75	-143.5	32.432
64	-143.5	33.217
64.25	-143.5	33.55
64.5	-143.5	34.38
64.75	-143.5	34.763
65	-143.5	34.87
65.25	-143.5	35.461
65.5	-143.5	36.433
65.75	-143.5	34.501
66	-143.5	34.563
66.25	-143.5	32.754
66.5	-143.5	33.354
66.75	-143.5	31.003
67	-143.5	29.742
67.25	-143.5	33.14
67.5	-143.5	33.87
67.75	-143.5	31.575
68	-143.5	34.03
68.25	-143.5	33.387
68.5	-143.5	35.5
68.75	-143.5	38.75
69	-143.5	41.252
69.25	-143.5	47.811
69.5	-143.5	48.333
69.75	-143.5	45.742
70	-143.5	36.257
60	-143	8.5729
60.25	-143	10.155
60.5	-143	13.634
60.75	-143	17.04
61	-143	39.024
61.25	-143	47.37
61.5	-143	47.6
61.75	-143	49.323
62	-143	45.174
62.25	-143	41.778
62.5	-143	38.326
62.75	-143	36.644
63	-143	33.541
63.25	-143	32.745
63.5	-143	31.67
63.75	-143	33.367
64	-143	34.096
64.25	-143	33.664
64.5	-143	34.537
64.75	-143	35.44
65	-143	35.186
65.25	-143	33.819
65.5	-143	35.706
65.75	-143	33.547
66	-143	33.111
66.25	-143	33.168
66.5	-143	34.778
66.75	-143	31.391
67	-143	29.162
67.25	-143	36.012
67.5	-143	34.211
67.75	-143	32.137
68	-143	34.777
68.25	-143	32.116
68.5	-143	33.889
68.75	-143	35.222
69	-143	40.773
69.25	-143	43.296
69.5	-143	43.309
69.75	-143	44.133
70	-143	45.599
60	-142.5	10.211
60.25	-142.5	11.059
60.5	-142.5	15.932
60.75	-142.5	20.568
61	-142.5	39.559
61.25	-142.5	43.797
61.5	-142.5	46.666
61.75	-142.5	43.437
62	-142.5	41.622
62.25	-142.5	39.901
62.5	-142.5	37.59
62.75	-142.5	36.923
63	-142.5	33.134
63.25	-142.5	32.054
63.5	-142.5	32.307
63.75	-142.5	34.431
64	-142.5	33.042
64.25	-142.5	31.957
64.5	-142.5	35.376
64.75	-142.5	34.687
65	-142.5	33.759
65.25	-142.5	33.498
65.5	-142.5	35.707
65.75	-142.5	33.871
66	-142.5	34.898
66.25	-142.5	32.699
66.5	-142.5	35.758
66.75	-142.5	32.76
67	-142.5	31.835
67.25	-142.5	36.28
67.5	-142.5	34.457
67.75	-142.5	31.75
68	-142.5	34.773
68.25	-142.5	31.781
68.5	-142.5	35.663
68.75	-142.5	34.534
69	-142.5	37.692
69.25	-142.5	45.515
69.5	-142.5	40.277
69.75	-142.5	42.344
70	-142.5	41.945
60	-142	12.151
60.25	-142	14.003
60.5	-142	17.699
60.75	-142	20.963
61	-142	49.211
61.25	-142	51.865
61.5	-142	49.343
61.75	-142	52.025
62	-142	42.462
62.25	-142	38.164
62.5	-142	36.169
62.75	-142	34.505
63	-142	32.738
63.25	-142	32.279
63.5	-142	34.778
63.75	-142	35.203
64	-142	33.357
64.25	-142	34.071
64.5	-142	36.091
64.75	-142	34.634
65	-142	33.149
65.25	-142	34.492
65.5	-142	36.245
65.75	-142	33.917
66	-142	37.646
66.25	-142	32.037
66.5	-142	34.232
66.75	-142	33.373
67	-142	33.089
67.25	-142	34.318
67.5	-142	32.778
67.75	-142	32.5
68	-142	35.312
68.25	-142	33.888
68.5	-142	36.149
68.75	-142	34.754
69	-142	42.24
69.25	-142	41.029
69.5	-142	39.981
69.75	-142	39.447
60	-141.5	14.216
60.25	-141.5	15.808
60.5	-141.5	17.473
60.75	-141.5	35.761
61	-141.5	45.758
61.25	-141.5	48.378
61.5	-141.5	45.989
61.75	-141.5	43.896
62	-141.5	41.158
62.25	-141.5	36.621
62.5	-141.5	35.436
62.75	-141.5	32.891
63	-141.5	31.2
63.25	-141.5	33.64
63.5	-141.5	36.666
63.75	-141.5	36.505
64	-141.5	34.906
64.25	-141.5	37.131
64.5	-141.5	36.164
64.75	-141.5	34.233
65	-141.5	34.096
65.25	-141.5	35.552
65.5	-141.5	37.942
65.75	-141.5	37.64
66	-141.5	35.082
66.25	-141.5	34.664
66.5	-141.5	33.237
66.75	-141.5	33.782
67	-141.5	33.715
67.25	-141.5	32
67.5	-141.5	31.5
67.75	-141.5	31
68	-141.5	34.263
68.25	-141.5	35.569
68.5	-141.5	36.627
68.75	-141.5	36.419
69	-141.5	36.919
69.25	-141.5	44.73
69.5	-141.5	38.086
69.75	-141.5	39.28
60	-141	9.629
60.25	-141	13.218
60.5	-141	30.715
60.75	-141	43.621
61	-141	42.6
61.25	-141	42.915
61.5	-141	40.565
61.75	-141	40.465
62	-141	40.49
62.25	-141	35.102
62.5	-141	34.007
62.75	-141	31.404
63	-141	32.538
63.25	-141	33.016
63.5	-141	37.409
63.75	-141	35.596
64	-141	37.351
64.25	-141	39.896
64.5	-141	35.297
64.75	-141	34.495
65	-141	35.35
65.25	-141	38.155
65.5	-141	36.341
65.75	-141	37.402
66	-141	35.36
66.25	-141	34.108
66.5	-141	35.172
66.75	-141	32.677
67	-141	35.187
67.25	-141	32.167
67.5	-141	31.889
67.75	-141	34.552
68	-141	33.722
68.25	-141	32.565
68.5	-141	35.467
68.75	-141	36.019
69	-141	35.371
69.25	-141	47.576
69.5	-141	36.73
60	-140.5	9.0373
60.25	-140.5	9.7874
60.5	-140.5	34.376
60.75	-140.5	42.002
61	-140.5	46.249
61.25	-140.5	45.769
61.5	-140.5	41.35
61.75	-140.5	40.987
62	-140.5	40.748
62.25	-140.5	36.555
62.5	-140.5	34.614
62.75	-140.5	31.145
63	-140.5	39.539
63.5	-140.5	35.914
63.75	-140.5	35.01
64	-140.5	40.96
64.5	-140.5	35.236
64.75	-140.5	34.986
65	-140.5	36.956
65.25	-140.5	36.492
65.5	-140.5	36.099
65.75	-140.5	38.07
66	-140.5	36.031
66.25	-140.5	34.68
66.5	-140.5	38.508
66.75	-140.5	32.081
67	-140.5	38.6
67.25	-140.5	33
67.5	-140.5	32.333
67.75	-140.5	31
68	-140.5	34.517
68.25	-140.5	32.744
68.5	-140.5	39.599
68.75	-140.5	40.362
69	-140.5	36.403
69.25	-140.5	36.643
69.5	-140.5	34.676
60	-140	7.6309
60.25	-140	22.177
60.5	-140	42.326
60.75	-140	42.217
61	-140	45.644
61.25	-140	46.789
61.5	-140	42.727
61.75	-140	40.143
62	-140	40.33
62.25	-140	36.604
62.5	-140	34.469
63	-140	42.474
63.5	-140	36.031
63.75	-140	36.949
64	-140	42.57
64.25	-140	35.716
64.5	-140	35.515
64.75	-140	36.102
65	-140	38.781
65.25	-140	35.731
65.5	-140	37.038
65.75	-140	36.492
66	-140	36.596
66.25	-140	35.657
66.5	-140	40.713
66.75	-140	35.681
67	-140	40.148
67.25	-140	39.799
67.5	-140	33.222
67.75	-140	32.667
68	-140	35.571
68.25	-140	33.167
68.5	-140	40.817
68.75	-140	43.686
69	-140	38.301
69.25	-140	45.068
60.25	-139.5	38
60.5	-139.5	38.333
60.75	-139.5	38.25
61	-139.5	39.333
61.25	-139.5	39.75
61.5	-139.5	39
61.75	-139.5	39.75
62	-139.5	37.333
62.25	-139.5	34.5
62.5	-139.5	30.5
62.75	-139.5	29.667
63	-139.5	30
64.25	-139.5	36.667
64.5	-139.5	37
64.75	-139.5	37
65	-139.5	37.333
65.25	-139.5	36.75
65.5	-139.5	35.333
65.75	-139.5	35
66	-139.5	35.333
66.25	-139.5	36
66.5	-139.5	35.333
66.75	-139.5	35.75
67	-139.5	36.833
67.25	-139.5	35.5
67.5	-139.5	36.667
68	-139.5	34
68.25	-139.5	33.5
68.5	-139.5	35.333
68.75	-139.5	41.333
69	-139.5	36
69.25	-139.5	56
69.5	-139.5	54
60.25	-139	39.667
60.5	-139	40.778
60.75	-139	40.5
61	-139	39.333
61.25	-139	38.333
61.5	-139	38.556
61.75	-139	37.833
62	-139	36.889
62.25	-139	34.667
62.5	-139	31.111
62.75	-139	30
63	-139	30
63.25	-139	30.75
63.5	-139	32.333
63.75	-139	34.2
64	-139	37
64.25	-139	38.167
64.5	-139	37.667
64.75	-139	37.833
65	-139	37.667
65.25	-139	37
65.5	-139	35.333
65.75	-139	35
66	-139	35
66.25	-139	35
66.5	-139	35.778
66.75	-139	36.333
67	-139	37.667
67.25	-139	37.333
67.5	-139	37.625
68	-139	38
68.25	-139	37.333
68.5	-139	37.333
69	-139	38
69.25	-139	48.667
69.5	-139	51
60.25	-138.5	40
60.5	-138.5	41
60.75	-138.5	41.75
61	-138.5	41.333
61.25	-138.5	38.75
61.5	-138.5	37.833
61.75	-138.5	35.75
62	-138.5	35
62.25	-138.5	34
62.5	-138.5	32
62.75	-138.5	30.75
63	-138.5	29.833
63.25	-138.5	30.75
63.5	-138.5	32.333
63.75	-138.5	34.5
64	-138.5	37.833
64.25	-138.5	39.25
64.5	-138.5	38.833
64.75	-138.5	38.5
65	-138.5	38.667
65.25	-138.5	37.5
65.5	-138.5	36
65.75	-138.5	35.25
66	-138.5	35
66.25	-138.5	35.25
66.5	-138.5	35.5
66.75	-138.5	36.25
67	-138.5	37.833
67.25	-138.5	37.25
67.5	-138.5	37.167
67.75	-138.5	37
68	-138.5	38
68.25	-138.5	40.5
68.5	-138.5	40.333
68.75	-138.5	45.333
60.25	-138	39.667
60.5	-138	40.667
60.75	-138	42.833
61	-138	42.778
61.25	-138	40.667
61.5	-138	36
61.75	-138	33.833
62	-138	32.556
62.25	-138	31.5
62.5	-138	31.667
62.75	-138	31
63	-138	31.889
63.25	-138	33
63.5	-138	33.222
63.75	-138	34.833
64	-138	37.889
64.25	-138	39.167
64.5	-138	39.111
64.75	-138	39.833
65	-138	39.556
65.25	-138	38.5
65.5	-138	36.667
65.75	-138	35
66	-138	34
66.25	-138	34.333
66.5	-138	34
66.75	-138	35
67	-138	35
67.25	-138	35
67.5	-138	36.778
67.75	-138	39.333
68	-138	40.889
68.25	-138	42.5
68.5	-138	43.444
68.75	-138	47.833
69	-138	49.25
60.25	-137.5	39
60.5	-137.5	40.833
60.75	-137.5	42.75
61	-137.5	43
61.25	-137.5	39.5
61.5	-137.5	35.333
61.75	-137.5	32.5
62	-137.5	32
62.25	-137.5	31.75
62.5	-137.5	32
62.75	-137.5	32.5
63	-137.5	34.333
63.25	-137.5	35
63.5	-137.5	34.5
63.75	-137.5	36
64	-137.5	37.333
64.25	-137.5	38.5
64.5	-137.5	40.333
64.75	-137.5	41.5
65	-137.5	41
65.25	-137.5	39.75
65.5	-137.5	37.167
65.75	-137.5	35.5
66	-137.5	33.667
66.25	-137.5	33
66.5	-137.5	32.833
66.75	-137.5	32.75
67	-137.5	32.833
67.25	-137.5	34
67.5	-137.5	36.667
67.75	-137.5	40.5
68	-137.5	42.333
68.25	-137.5	44
68.5	-137.5	44
68.75	-137.5	48.5
69	-137.5	54.75
60.25	-137	38
60.5	-137	38.889
60.75	-137	40
61	-137	39.667
61.25	-137	37.833
61.5	-137	34.667
61.75	-137	32.333
62	-137	32.333
62.25	-137	33
62.5	-137	33.667
62.75	-137	35
63	-137	35.556
63.25	-137	35
63.5	-137	34.222
63.75	-137	35.167
64	-137	36.667
64.25	-137	37.833
64.5	-137	40.444
64.75	-137	42
65	-137	41.444
65.25	-137	40
65.5	-137	37.111
65.75	-137	35.5
66	-137	34
66.25	-137	33
66.5	-137	33.111
66.75	-137	33.5
67	-137	32.889
67.25	-137	34.5
67.5	-137	36.444
67.75	-137	40.667
68	-137	42.111
68.25	-137	43.667
68.5	-137	42.889
68.75	-137	50.4
60.25	-136.5	35
60.5	-136.5	36
60.75	-136.5	36.5
61	-136.5	37
61.25	-136.5	36.75
61.5	-136.5	35
61.75	-136.5	34.25
62	-136.5	34.5
62.25	-136.5	35.5
62.5	-136.5	36.5
62.75	-136.5	36.25
63	-136.5	35.5
63.25	-136.5	35.75
63.5	-136.5	35.2
63.75	-136.5	34.5
64	-136.5	35.333
64.25	-136.5	35.5
64.5	-136.5	38.333
64.75	-136.5	41.25
65	-136.5	41.167
65.25	-136.5	39.5
65.5	-136.5	36.333
65.75	-136.5	35
66	-136.5	34
66.25	-136.5	33.75
66.5	-136.5	34.5
66.75	-136.5	35.25
67	-136.5	34
67.25	-136.5	34.75
67.5	-136.5	38.833
67.75	-136.5	41.5
68	-136.5	41
68.25	-136.5	42
68.5	-136.5	41.4
60.25	-136	35
60.5	-136	33
60.75	-136	32.5
61	-136	35.444
61.25	-136	35
61.5	-136	35
61.75	-136	37.167
62	-136	37
62.25	-136	37.5
62.5	-136	37.333
62.75	-136	37.667
63	-136	36.333
64.25	-136	34.667
64.5	-136	36.667
64.75	-136	40.5
65	-136	40
65.25	-136	37.833
65.5	-136	34.667
65.75	-136	33.667
66	-136	33.333
66.25	-136	33.333
66.5	-136	34.667
66.75	-136	36.667
67	-136	35.556
67.25	-136	35.333
67.5	-136	39.667
67.75	-136	39.5
68	-136	38.778
68.25	-136	41.2
68.5	-136	43
60.25	-135.5	34
60.5	-135.5	31.5
60.75	-135.5	32
61	-135.5	33.667
61.25	-135.5	34.5
61.5	-135.5	36.667
61.75	-135.5	40
62	-135.5	39.5
62.25	-135.5	39
62.5	-135.5	38
62.75	-135.5	39
64.25	-135.5	35
64.5	-135.5	37.5
64.75	-135.5	40
65	-135.5	38.5
65.25	-135.5	36.75
65.5	-135.5	34.167
65.75	-135.5	33
66	-135.5	32.167
66.25	-135.5	32
66.5	-135.5	33
66.75	-135.5	35.25
67	-135.5	32.5
67.25	-135.5	34.5
67.5	-135.5	32.833
67.75	-135.5	33.25
68	-135.5	35.5
68.25	-135.5	38
60.25	-135	35
60.5	-135	31.667
60.75	-135	32.75
61	-135	34
61.25	-135	35.25
61.5	-135	37
61.75	-135	39.75
62	-135	40
62.25	-135	39
62.5	-135	37.667
62.75	-135	38
64.5	-135	39
64.75	-135	38
65	-135	38.667
65.25	-135	35.5
65.5	-135	33.833
65.75	-135	32.5
66	-135	31.333
66.25	-135	31
66.5	-135	31.667
66.75	-135	32.5
67	-135	30.5
67.25	-135	32.75
67.5	-135	31.667
67.75	-135	32.25
68	-135	33.333
68.25	-135	33.5
